1932.88508991072	
1972.78674828446	
1990.80061773569	
2000.72545429057	
2007.27814243949	
2011.85958629361	
2015.42679408327	
2018.17641565821	
2020.56240368976	
2022.47261688541	
2024.1148949307	
2025.48225830624	
2026.77917408803	
2027.97498992962	
2029.07795066416	
2029.99292915365	
2030.72965174667	
2031.64282945711	
2032.24709551661	
2032.8849764254	
2033.3312524572	
2033.79550171923	
2034.14121616672	
2034.58729095748	
2034.87906215349	
2035.01038556629	
2035.26953709607	
2035.43931207406	
2035.54256342368	
2035.59578527824	
2035.49044411058	
2035.30347598731	
2035.25936462505	
2035.05567267385	
2034.79934294409	
2034.44730675616	
2034.06496721339	
2033.35662088571	
2032.5231054593	
2031.67083766402	
2030.58595026997	
2029.13704097341	
2027.32123261509	
2025.09565196211	
2022.17711507246	
2018.19707443016	
2012.49374516696	
2003.18535065634	
1986.30825636124	
1946.90499635565	
1784.37884836351	
187.179629717389	
147.935649362855	
130.736236799163	
121.587896649387	
115.759464249701	
111.836806569641	
109.10985367918	
107.150191017852	
105.379598708097	
104.373975580668	
103.397845182311	
102.473954254533	
101.9894530173	
101.5179749865	
101.214797598913	
100.924765517711	
100.70103185999	
100.630588251322	
100.658774994454	
100.668974705426	
100.817097983507	
100.987954253058	
101.234365372015	
101.454405781037	
102.001524379461	
102.41631706696	
102.745800046073	
103.182788378592	
103.696187712248	
104.33379523884	
105.02596229641	
105.768271972937	
106.471223486021	
107.265361239801	
108.197652219449	
109.100634175353	
110.255692878668	
111.635673389231	
113.045821236641	
114.705765825388	
116.633067786325	
118.978181245063	
121.817715164256	
125.128052892711	
129.64213748928	
135.888914514702	
145.748972964345	
163.117084382855	
203.030836750848	
366.058854004314	
1963.66877370014	
2003.3999526811	
2021.08592062188	
2030.7683644453	
2037.02645034204	
2041.38557806706	
2044.63145546359	
2047.11324925918	
2049.29825076864	
2050.79816311501	
2052.19041572602	
2053.58776955137	
2054.61872207337	
2055.5540793456	
2056.2383253741	
2056.98281585215	
2057.62171281314	
2058.08674321895	
2058.49395754452	
2058.94786724326	
2059.14619353955	
2059.43472305247	
2059.69742407705	
2059.91905958948	
2059.89158374025	
2059.8498953594	
2059.86144395006	
2059.86180585887	
2059.7368056802	
2059.5292031534	
2059.27601728179	
2058.93102297028	
2058.70127887588	
2058.2577425214	
2057.83729719709	
2057.24240109354	
2056.47905332279	
2055.54150203622	
2054.58707530595	
2053.32021786113	
2051.6479515938	
2049.72488507965	
2047.23922227403	
2044.30228788745	
2040.18265717164	
2034.280678851	
2024.76918794826	
2007.76610072513	
1968.19002377758	
1805.56355165946	
208.272270392822	
168.954962567196	
151.639932764042	
142.34307598475	
136.379147613615	
132.419953346372	
129.500443833366	
127.390379149364	
125.569571783035	
124.391064300629	
123.359477697274	
122.314842362047	
121.529718003846	
120.978234279357	
120.515678698871	
120.147977495057	
119.868335121136	
119.738994608055	
119.675112705214	
119.574593538787	
119.674049650061	
119.737177817953	
119.822985645897	
119.858220473255	
120.293680839051	
120.556352277184	
120.818058687273	
121.182018650488	
121.682014495254	
122.133023905651	
122.693373184641	
123.351151374544	
123.863581598386	
124.529027181995	
125.203527911621	
126.123953580781	
127.16891235693	
128.389783538174	
129.61143428307	
131.162228591866	
133.075732885146	
135.303217825627	
138.107205965668	
141.323509228818	
145.676559179653	
151.825083286989	
161.592706891819	
178.8287229845	
218.673055396706	
381.673827988376	
1979.21742044203	
2018.92355235859	
2036.45896046369	
2046.04980678661	
2052.26021875478	
2056.50478294615	
2059.67255813383	
2062.01669713049	
2064.16230903591	
2065.55013902503	
2066.88680655525	
2068.14404439569	
2069.18023919014	
2069.98837442995	
2070.62735764561	
2071.35396779257	
2071.91970753492	
2072.2002309273	
2072.4476539637	
2072.77667792242	
2072.88426916881	
2073.07299713092	
2073.23662518003	
2073.31782214726	
2073.18316853424	
2073.02818962547	
2073.08768822051	
2072.92226125004	
2072.66506892074	
2072.37198380459	
2071.96687062462	
2071.56373101374	
2071.18692852615	
2070.71115249228	
2070.21126445921	
2069.49082918375	
2068.63284463207	
2067.56513732629	
2066.49274359583	
2065.15233040177	
2063.42705939966	
2061.29611332977	
2058.67932687806	
2055.58589834189	
2051.31202516802	
2045.27678760328	
2035.64579082769	
2018.45805574098	
1978.75249432071	
1815.87814782712	
218.207195938858	
178.486409239444	
160.758044743514	
151.129954305539	
144.712955728814	
140.391544466451	
137.09074832162	
134.626315067205	
132.418258414278	
130.815922692659	
129.400048547249	
127.947661796296	
126.753922072462	
125.763792063841	
124.904407713079	
124.082332087344	
123.287819661953	
122.74969132973	
122.33128423497	
121.817258999377	
121.537554864147	
121.174026573707	
120.791751580172	
120.461988045472	
120.432996949364	
120.27683916575	
120.104275441995	
120.015244644284	
120.135269871863	
120.128359107636	
120.210918465035	
120.480330920325	
120.570603845264	
120.736913994919	
121.077277512901	
121.616449381689	
122.250779017597	
122.951283292337	
123.82012966278	
124.987884546032	
126.438720650333	
128.264676062929	
130.712328486833	
133.509736664682	
137.478235044611	
143.284795378781	
152.655810838826	
169.526495087331	
209.02121302353	
371.718134824653	
1969.02018848648	
2008.54625179843	
2025.98552761049	
2035.42178467899	
2041.48589145403	
2045.57679677855	
2048.64496967865	
2050.93534167425	
2052.85245004601	
2054.16501240822	
2055.42675730449	
2056.53764390634	
2057.41714188078	
2058.10247515778	
2058.72207107981	
2059.35643426607	
2059.7854659413	
2059.99835035709	
2060.18972810212	
2060.39956257622	
2060.38751511378	
2060.54447715079	
2060.54273291568	
2060.49035177264	
2060.29102422338	
2060.13918554246	
2060.048557124	
2059.79957003017	
2059.47008619758	
2059.15974232531	
2058.66874714635	
2058.18426772025	
2057.71529180245	
2057.20388885762	
2056.67712415815	
2055.83354813107	
2054.84208552229	
2053.77233102268	
2052.56712920921	
2051.10727568747	
2049.34316430568	
2047.09033016104	
2044.44727063559	
2041.32042600844	
2037.01618820789	
2030.81262837423	
2021.13584087296	
2003.87754202609	
1964.04834158774	
1801.06945873071	
203.243758814447	
163.382304470123	
145.565748911722	
135.877440065626	
129.386538981081	
125.021726129591	
121.657705229643	
119.117339229073	
116.78287253317	
115.038931958473	
113.400980005955	
111.931033634044	
110.71018177982	
109.721079906346	
108.687041074621	
107.612527212148	
106.933357068703	
106.326991165245	
105.7604841276	
105.201057569606	
104.753219968512	
104.302546989142	
103.833831462081	
103.432963477279	
103.195185333431	
103.005227043853	
102.666559268323	
102.545906464876	
102.552347240386	
102.492031947927	
102.510741484511	
102.713060698498	
102.806326370181	
102.947684782248	
103.245690540193	
103.784058916844	
104.319343453724	
105.028125069036	
106.000799260115	
107.328743297167	
109.025858308637	
111.211063906858	
114.133805470896	
117.86879307407	
123.559172042922	
132.760649435842	
149.547962296831	
188.87293044256	
351.402307288444	
1948.71335034588	
1987.91744529693	
2005.30885896629	
2014.57956807286	
2020.4913751128	
2024.41815942276	
2027.31668850803	
2029.51887648779	
2031.37512664977	
2032.49628367176	
2033.61278402216	
2034.41996587876	
2035.11790354568	
2035.80383514619	
2036.28973979122	
2036.73725641975	
2036.88451618718	
2037.09355283718	
2037.06288423647	
2037.06654671794	
2036.91275435805	
2036.7887391236	
2036.65621734789	
2036.6071673205	
2036.33616814336	
2035.94203693948	
2035.72585697112	
2035.27260611146	
2034.79863742178	
2034.38287648512	
2033.86290254858	
2033.10089726831	
2032.49405298854	
2031.7800838171	
2031.09634969851	
2030.21945677678	
2029.13247971544	
2027.94454887139	
2026.70681897396	
2025.1779428679	
2023.49263226571	
2021.54455472167	
2019.01859943458	
2016.23745797008	
2012.77954914091	
2008.17057226816	
2001.70658331318	
1991.82308345963	
1974.29000303055	
1934.15499935137	
1770.8652744027	
172.779146561332	
132.631626738681	
114.605157385339	
104.683220692792	
97.8503476097316	
93.1908404301073	
89.557943386438	
86.6712593612348	
84.0068620610105	
81.9164384034448	
79.8220911582858	
78.0657949253807	
76.6033461922804	
75.20885507969	
73.7028999331937	
72.3051096456296	
71.342090669851	
70.2088881063289	
69.2251508056818	
68.2627646478208	
67.3257245852074	
66.4042078624017	
65.5662894531139	
64.6963190923944	
63.9409805444521	
63.1737957512506	
62.2256024123701	
61.5428758310591	
60.876955560258	
60.2000253831144	
59.5503463725817	
58.9666413670937	
58.2347065829417	
57.5561487936157	
56.9499721503416	
56.4166046607243	
55.8195603956139	
55.4337801546902	
55.0369795557902	
54.7749060663449	
54.5164138314596	
54.5894153998468	
54.6803051936504	
55.1024230598608	
56.5052601236133	
59.5421062900884	
66.5961677056926	
88.6676323985462	
211.428676669365	
