1876.87614353129	
1915.51467808062	
1931.83519170416	
1939.90314053372	
1944.38613326062	
1946.34457151155	
1946.58041694039	
1945.09252893626	
1941.48421148287	
1933.69746787364	
1918.23865221894	
1879.98714209675	
1718.31869986096	
121.960635439118	
83.4100017751033	
66.8181409836495	
58.0369045291518	
52.6441440174639	
49.1798098483111	
46.7676892000216	
44.9054231433682	
43.3320520034916	
42.3811212238651	
41.4847721526395	
40.6610891084404	
40.0448081700788	
39.7283732344328	
39.403831529815	
39.0557256030881	
38.7511613219481	
38.6383459278313	
38.5779057204164	
38.418352556273	
38.5184327096178	
38.5908136891877	
38.5752958182007	
38.4983929908712	
38.776635554472	
38.9464836682259	
38.9799332830203	
38.9692926562225	
39.2077059477977	
39.4558216902544	
39.7240525567252	
40.138869115672	
40.4559863245233	
40.7992484598644	
41.4235176891772	
42.0740340941191	
42.6695543009079	
43.3561077015511	
44.3188948624156	
45.4835246903277	
46.8802433357195	
48.5809564720016	
50.7902803540348	
53.3352258712473	
57.0731351544079	
62.6383503487304	
71.5543564560799	
88.0139536647191	
127.028454058723	
289.065111658353	
1885.79616762685	
1924.27816111679	
1940.64250773439	
1948.70535003185	
1953.05171964911	
1954.81277822371	
1955.00242266606	
1953.43838097347	
1949.67546106848	
1941.67126979209	
1926.17823198497	
1887.99178795707	
1726.31007274648	
129.707258994792	
91.0640422442885	
74.4297164970723	
65.4656083913362	
60.059670183114	
56.5042910866189	
53.9643987014337	
51.9545302336313	
50.4673763968971	
49.4436598866177	
48.3951075616766	
47.4094733372557	
46.806858385187	
46.400507367953	
46.059258524325	
45.5170338722507	
45.316913748748	
45.1558703191207	
44.8940861697379	
44.7376342158976	
44.7861536725145	
44.7331534687589	
44.598220131235	
44.7074857226808	
44.8528240086371	
44.9103435121606	
44.7138863163335	
44.7742362623806	
45.0279705573039	
45.0073367324055	
45.3733265261019	
45.7228420910434	
45.8637394424797	
46.3034801240311	
46.8612342881646	
47.2957644897368	
47.817558097453	
48.5402801474281	
49.541414159923	
50.5671605758574	
51.8233121705359	
53.4845898296717	
55.5117212568649	
57.9455476178731	
61.6588204636335	
67.0577838357135	
75.8882142171932	
92.4199817633355	
131.190125089448	
293.087375129796	
1889.59602697723	
1927.78506546075	
1943.8548941173	
1951.57461669719	
1955.33735448104	
1956.53994817611	
1955.72501804487	
1952.34495073585	
1944.90181145729	
1929.31088097418	
1891.21291090051	
1729.77347769543	
133.363040496132	
94.7915184026549	
78.1927689761831	
69.407425672522	
63.8612633550736	
60.3534692586988	
57.7545588648544	
55.9414019856921	
54.2262959321987	
53.2041527099934	
52.2219645004237	
51.3480922299899	
50.5583533980295	
49.9735631004505	
49.6907778082201	
49.3060496802261	
48.8331623684783	
48.8368826480884	
48.6847748582494	
48.2606462526691	
48.3552451594985	
48.3070604187447	
48.3297624891509	
48.2125614426257	
48.4885635195009	
48.5397539275723	
48.4402224238598	
48.2504848116555	
48.4685298731112	
48.6558784554454	
48.7770790830392	
49.2675961470095	
49.4763941395364	
49.7323469182409	
50.226108564835	
50.8164420427235	
51.2878484486125	
51.9690696276234	
52.8637057237226	
54.0716283326728	
55.391426855915	
56.940617315361	
58.9542926524236	
61.4058779890808	
64.9226306964595	
70.3641402112254	
79.0983113552447	
95.4282590463376	
134.284976870021	
296.194208436461	
1892.5833919023	
1930.91353231415	
1946.82127562214	
1954.50234869101	
1958.31678628948	
1959.44664472293	
1958.58492914939	
1955.1538445598	
1947.88286377787	
1932.30841705118	
1894.153977739	
1732.65373459464	
136.189576053416	
97.6327218016384	
81.0210986260138	
72.41740082662	
66.7208902142097	
63.192013044843	
60.6615291726882	
58.7438472298178	
57.0179696679803	
56.0475500283726	
54.9118181887786	
54.1842609670189	
53.3646169604953	
52.7450820403135	
52.2282415554016	
51.8336616410863	
51.5596779581264	
51.2248783478521	
51.1659059816095	
50.7722241203171	
50.7642187617661	
50.7240661254079	
50.6679183428972	
50.4275141355081	
50.6124667292887	
50.7621753772128	
50.6421574178206	
50.534311790053	
50.5311367240719	
50.6410526094138	
50.7255694780405	
51.119998341162	
51.3140959706053	
51.4668274362664	
51.8419743457066	
52.4188558613266	
52.7632578545844	
53.2659181533115	
54.0014621132263	
54.9089868790043	
55.9406982113755	
57.1850152788007	
58.8127658616849	
60.6126556096524	
63.0326837600449	
66.6019953459923	
71.8743893918484	
80.4864060334338	
96.9024779826764	
135.626257975505	
297.246240316829	
1893.57292863817	
1931.54860472858	
1947.21293691646	
1954.63158410367	
1958.1430734953	
1959.09113175685	
1957.97219844182	
1954.25601297102	
1946.66233920232	
1930.75907436273	
1892.44560564493	
1730.77667998845	
134.104987931848	
95.4989453067659	
78.9178802987388	
70.0864459088542	
64.4012578410611	
60.7871217506879	
58.142740529616	
56.1907194617291	
54.5129934863365	
53.4621917532514	
52.3672931934449	
51.4302875966267	
50.5287238909645	
50.0028902346062	
49.5928946466046	
49.1057986609082	
48.7460942617448	
48.5659281244707	
48.3142724353905	
47.8296624283474	
47.8188154537021	
47.7668558721224	
47.5987581233002	
47.5812728244674	
47.8158883467847	
47.7869692325809	
47.5451400971893	
47.389092361836	
47.5880589129894	
47.6283236926249	
47.7601465684883	
48.214908339762	
48.3733654784755	
48.6463976154171	
49.0577383427077	
49.5341055572949	
49.9950681448712	
50.6682284858289	
51.5361317757428	
52.6388801725648	
53.8572723229129	
55.3321525463794	
57.3121949272382	
59.7044079564364	
63.2186065610164	
68.5305174108378	
77.2121676996199	
93.4812405604299	
132.174074137417	
293.915607397278	
1890.07795916064	
1928.08652640773	
1943.77154738981	
1951.1065949544	
1954.64760277055	
1955.46733954914	
1954.28053386313	
1950.55708754505	
1943.04929468756	
1927.11353749691	
1888.62554017957	
1726.93563521871	
130.241325998034	
91.5756783919407	
74.9742857812073	
66.2438037664067	
60.4236940996413	
56.8495801584629	
54.1714768228577	
52.2022870328566	
50.3082959193905	
49.2955502316999	
48.1903685133994	
47.4029511003521	
46.5148781063088	
45.7794132506746	
45.1662195234716	
44.7618376180866	
44.5323316919818	
44.1089490399177	
43.9685863097186	
43.5587784185004	
43.435761697057	
43.3652417102218	
43.2601792228303	
42.9464719075766	
43.1247285692768	
43.1378213646464	
42.9786587190405	
42.7717274394857	
42.7449506616102	
42.890282279703	
42.9483862420752	
43.3232624327804	
43.4824876766854	
43.5914168457553	
43.9035998203051	
44.4163244395778	
44.781193038321	
45.2785080933813	
46.0366162441639	
46.8346869678676	
47.8688296370662	
49.0383160739066	
50.5478614665866	
52.356435528144	
54.8194009298116	
58.2988710242061	
63.5858824269155	
72.1681914115859	
88.4555684060847	
127.114465114023	
288.706676274101	
1885.01620130069	
1922.92389539682	
1938.54536277591	
1945.87401887273	
1949.25954343104	
1950.14039261165	
1949.01181568231	
1945.24010997418	
1937.61122803266	
1921.7246846613	
1883.34323528238	
1721.61361739184	
124.853144642402	
86.238374698629	
69.5810520538079	
60.6783371676778	
55.0237093453772	
51.3639562765299	
48.621296263294	
46.599011013434	
44.8774344589781	
43.7350102600383	
42.6296807453578	
41.6524545535437	
40.8121704740103	
40.0987990818476	
39.6370321046266	
39.1603145529552	
38.744150412401	
38.4894978546254	
38.142687617297	
37.6852091189562	
37.5735277502344	
37.364868273919	
37.1922782235948	
37.1274743274459	
37.1921725566952	
36.986831053096	
36.7072564526784	
36.5241781487463	
36.556202680054	
36.5373076440789	
36.6544328664287	
37.0292551775246	
37.0523656979901	
37.300815328486	
37.599147628729	
37.9380576455327	
38.3921069431012	
39.0784126927516	
39.8875072255748	
40.8167769632163	
42.0207863195817	
43.5092137670244	
45.4188784263329	
47.7174750907468	
51.1424903879932	
56.357449274866	
64.9880265130207	
81.1105510312723	
119.659154845044	
281.222349199714	
1877.26709502867	
1915.21114216649	
1930.77631986809	
1937.92901953707	
1941.29791454581	
1942.07308675434	
1940.82526419923	
1936.97496464697	
1929.30539514569	
1913.41300992523	
1874.86927936786	
1713.01793517096	
116.23697370575	
77.4976608492326	
60.7844620424411	
51.9673068528475	
46.0946571274421	
42.366625317646	
39.5970663363613	
37.5189640646795	
35.5315725280924	
34.2740624923532	
32.976041582007	
32.0498194742191	
31.1590826597009	
30.2423131413325	
29.4590259485336	
28.7726804365218	
28.332006419108	
27.7602018127053	
27.2951548451733	
26.6882976675166	
26.4148038500596	
26.0653484451812	
25.8417642566105	
25.3807514911788	
25.1816665461066	
24.863164306531	
24.4360930063424	
23.9931431882882	
23.6785407438572	
23.4197936279057	
23.1837251039477	
23.1234572160051	
22.8080499227056	
22.521363827458	
22.2802983282494	
22.137179835385	
21.927893373549	
21.7450151985837	
21.7040929141074	
21.5122371142106	
21.4402076100056	
21.299026221741	
21.1097448325987	
20.7904549172482	
20.5589921789386	
20.3648311285878	
20.1733793240036	
19.8425632278207	
19.6303943827039	
19.4394013975762	
