1931.85216988218	
1971.75913708384	
1989.70700711655	
1999.72940581457	
2006.28586557375	
2010.94893458807	
2014.51094302225	
2017.28106948966	
2019.72482574631	
2021.73561472718	
2023.55100788596	
2025.16509889878	
2026.62055498715	
2027.99760558987	
2029.23892703136	
2030.48574141556	
2031.49775246693	
2032.51579305073	
2033.44301864869	
2034.34011170704	
2034.99610559147	
2035.66816756173	
2036.29984045047	
2036.97144101708	
2037.58251634405	
2038.14118769622	
2038.76319507018	
2039.19892664163	
2039.61011839524	
2040.10158422406	
2040.48680691885	
2040.76757288917	
2041.20746833726	
2041.54122134384	
2041.98794922145	
2042.23593198915	
2042.41910983902	
2042.51086869958	
2042.62175707049	
2042.70740541542	
2042.79687572213	
2042.90450009076	
2042.94086240254	
2042.92786394204	
2042.81050006348	
2042.63141054801	
2042.39957037491	
2042.09098288013	
2041.7299630539	
2041.14003183678	
2040.51449149623	
2039.63211708783	
2038.6563147778	
2037.32932345861	
2035.64946255676	
2033.49524050298	
2030.65236119286	
2026.78061922421	
2021.10246708814	
2011.81884180512	
1995.01256626713	
1955.65850715904	
1793.08826910387	
195.83361094507	
156.650779908814	
139.289276602554	
129.931338001297	
124.012134757931	
120.036757678416	
117.134619634738	
114.995903149037	
113.112873776034	
111.704216754537	
110.410532273632	
109.396812880318	
108.613040836208	
107.976222174735	
107.270964199003	
106.580901587012	
106.086228232045	
105.692594702393	
105.340097815229	
104.974513739946	
104.927048676495	
104.723047642651	
104.754494609887	
104.605005026875	
104.528682434147	
104.457954120197	
104.418827594175	
104.540755717654	
104.672997469553	
104.620632900136	
104.77865902636	
105.045179405248	
105.096680559953	
105.199417467061	
105.367760750792	
105.671096878877	
105.947561468497	
106.319936791877	
106.709636214637	
107.104524730682	
107.420975978219	
107.814432140676	
108.313326850055	
108.762299842299	
109.333440013453	
110.038253472708	
110.723012757161	
111.48836031825	
112.375125090563	
113.448691430713	
114.520397494819	
115.836786880849	
117.280663192562	
119.066544660214	
121.104321298451	
123.684089307666	
126.96434822288	
131.280973104893	
137.378454768153	
147.08838022102	
164.335336370569	
204.081410082237	
367.156046138376	
1964.79613502281	
2004.41065680992	
2022.24067701001	
2031.91780075452	
2038.29198307284	
2042.68208133349	
2045.9365066842	
2048.51763975634	
2050.89137760606	
2052.627096198	
2054.33281304699	
2055.80176135648	
2056.93012877129	
2058.03176650854	
2059.14821248992	
2060.12927860805	
2060.94019102442	
2061.78328868982	
2062.44495440782	
2063.11525162042	
2063.54650838284	
2064.05856233147	
2064.36304998644	
2064.92783657181	
2065.34111042118	
2065.6933962999	
2066.02475672507	
2066.28257433794	
2066.58107314183	
2066.83183260008	
2067.04246062894	
2067.17878839421	
2067.40308329652	
2067.67527621389	
2067.80180436028	
2067.78334476411	
2067.7299691146	
2067.67395395609	
2067.63473589372	
2067.54370163923	
2067.50855085594	
2067.42307079093	
2067.19874126283	
2067.03607174233	
2066.72974083805	
2066.27809337616	
2065.77881092042	
2065.34936230035	
2064.59543186644	
2063.76607111527	
2062.77078406594	
2061.59786335703	
2060.19031968483	
2058.37132496256	
2056.11981419006	
2053.20401918009	
2049.13482271636	
2043.25471819081	
2033.90395789695	
2016.85476218144	
1977.36980154158	
1814.71958606994	
217.17032919746	
177.863934040087	
160.431419896052	
150.940103581737	
144.878938471311	
140.800265395875	
137.745324186001	
135.4396997505	
133.408691910467	
131.881617015585	
130.415356457195	
129.192373259479	
128.227017963969	
127.538890161928	
126.743711585208	
125.885157899727	
125.390861035327	
124.862671584073	
124.381910336391	
123.916174253963	
123.743682157565	
123.495019163898	
123.292654405259	
123.154852890104	
122.978642185229	
122.783334782385	
122.63884702096	
122.603596552854	
122.690901784945	
122.496578618811	
122.546348495744	
122.635585245964	
122.549859769643	
122.550950868128	
122.58012563324	
122.757034055012	
122.912737724236	
123.235829889738	
123.50708203092	
123.818674076658	
124.032596606212	
124.268635699613	
124.629023221363	
124.886108259989	
125.349994010466	
125.887009736934	
126.477314696451	
127.12491438785	
127.791704347424	
128.722251919609	
129.691992759715	
130.856436794813	
132.232216694545	
133.81692122509	
135.690871430196	
138.130280900988	
141.236704789327	
145.354870206752	
151.338959682874	
160.810452430458	
177.877350840355	
217.498545380113	
380.201975271721	
1977.52633404199	
2016.84804022865	
2034.22352167418	
2043.47391300361	
2049.46676760797	
2053.43894198455	
2056.28028258915	
2058.43520982892	
2060.49771323293	
2061.80382416044	
2063.0580122851	
2064.13706251542	
2064.81029663994	
2065.43583882637	
2066.09922227452	
2066.73386003488	
2066.99983304058	
2067.34113552058	
2067.56350946075	
2067.76798247301	
2067.76575554816	
2067.79412956718	
2067.67835149593	
2067.8185236782	
2067.75003328729	
2067.64569441042	
2067.43878673687	
2067.27550259116	
2067.17208976921	
2066.87730275299	
2066.6220545608	
2066.35140810249	
2066.08601830197	
2065.8899463916	
2065.58141974919	
2065.12596492192	
2064.64115325502	
2064.11196934394	
2063.62227259916	
2063.10501285922	
2062.58581081702	
2061.99206930568	
2061.34114727099	
2060.76277751673	
2059.96437035782	
2059.09150994316	
2058.11885340792	
2057.21646318281	
2056.13382064024	
2054.83907651737	
2053.45142462798	
2051.78951229513	
2049.94552694069	
2047.71931536399	
2045.05698132632	
2041.74300697205	
2037.30082211316	
2031.02586990966	
2021.31129184218	
2003.90231531448	
1964.05103208236	
1800.9714876686	
203.220141139147	
163.700369884149	
146.105028746008	
136.419903011572	
130.231624637247	
125.945734751316	
122.720166958553	
120.277028069572	
118.071907333805	
116.406305862792	
114.773166846827	
113.402362353753	
112.353085770812	
111.461672918852	
110.560061320668	
109.637103542497	
108.992605890981	
108.373861943338	
107.755773450708	
107.213460232762	
106.84740272254	
106.517920214297	
106.241503705528	
105.944202918544	
105.649939545626	
105.331745560128	
105.090921466041	
104.99097773363	
104.890973391639	
104.645017365477	
104.61979782685	
104.601328803052	
104.41468167796	
104.287455649824	
104.224316056298	
104.247223991004	
104.305004033899	
104.486318212813	
104.596013292823	
104.758748416097	
104.881581894431	
105.026053216029	
105.30942804924	
105.486883868853	
105.87286356912	
106.260468989862	
106.746182907067	
107.265314478798	
107.806469556877	
108.584843921535	
109.462007891592	
110.506379182089	
111.740144539818	
113.20514529503	
115.020246369394	
117.34711681257	
120.324395767457	
124.303735552959	
130.119653024548	
139.45015249628	
156.322042095019	
195.831225037196	
358.49235156429	
1955.69478941405	
1994.90041815031	
2012.10473033048	
2021.21578382445	
2027.07505920777	
2030.8903332697	
2033.62818366279	
2035.66602388327	
2037.54577270385	
2038.78839896101	
2039.89799889465	
2040.73169832643	
2041.21095262981	
2041.70947449307	
2042.22477808696	
2042.70944563875	
2042.82106120266	
2043.04720623122	
2043.11076073004	
2043.18124358857	
2043.01604257962	
2042.86470384895	
2042.58288797487	
2042.57242099885	
2042.37363721187	
2042.11119390608	
2041.74609838236	
2041.43906099906	
2041.185107153	
2040.70409339998	
2040.30680135855	
2039.86341205505	
2039.45479318411	
2038.98658054927	
2038.52567321843	
2037.92010226875	
2037.27341575123	
2036.61427441335	
2035.91385671309	
2035.22767998341	
2034.4699917028	
2033.6033845796	
2032.7524167264	
2031.95199766473	
2030.94272869631	
2029.86192920668	
2028.69040591978	
2027.57550135298	
2026.28848889223	
2024.79007626317	
2023.2190462048	
2021.31706466417	
2019.27336986948	
2016.85391855988	
2013.95462668087	
2010.39853962733	
2005.743081497	
1999.26002593715	
1989.32540300374	
1971.71491144003	
1931.58679750759	
1768.27540551608	
170.281529700814	
130.444037823347	
112.604741926211	
102.713381769174	
96.2650554004459	
91.7652962677831	
88.2320819040832	
85.4485097512274	
82.9239499091927	
80.9368798379646	
79.0460677356093	
77.4403765330597	
76.1491955484035	
74.8942676311885	
73.6881041583688	
72.5086896400417	
71.5900011876184	
70.6110923473822	
69.7252749099025	
68.8532430971647	
68.1078181025334	
67.3996271823416	
66.7075394920443	
65.9970187813138	
65.3334231520347	
64.6360622776706	
63.9887777068679	
63.3914401632927	
62.8138112439811	
62.2249091366971	
61.6817015092726	
61.1741631792461	
60.5103435978728	
59.9782306532849	
59.414240281501	
58.9026146751507	
58.4231386020815	
58.009315023832	
57.5498559298061	
57.07178621849	
56.6512647579848	
56.2081039409097	
55.7653783789444	
55.1797796080478	
54.7780923103917	
54.3234304948444	
53.9306582796642	
53.4463377807692	
52.9438518915318	
52.500115679846	
52.0612521266237	
51.6778616887217	
51.2673078817342	
50.7473824153429	
50.2540348307381	
49.8062174719507	
49.394241300647	
48.9327156180967	
48.4810140066943	
48.0389398902716	
47.6167828138331	
47.2318386247923	
