1868.582054132	
1906.97679024118	
1923.28421353076	
1931.21405035512	
1935.31328315753	
1936.97590331739	
1937.05370675171	
1935.37264906106	
1931.5654412168	
1923.57844168235	
1908.04504122465	
1869.58284526331	
1707.57066185625	
110.90913581953	
72.3020190553758	
55.5651297957669	
46.6557115290841	
41.1214576938121	
37.4837603826393	
34.9085804340375	
32.8077033903795	
31.1834561889052	
29.9497486002457	
28.8946895684661	
27.9750568576139	
27.3719805190732	
26.8194063570799	
26.2427431975726	
25.6826998398364	
25.409923420811	
24.9978516552945	
24.597132809651	
24.3123912468072	
24.2121161935789	
23.9452387868352	
23.8037399558217	
23.6027248710682	
23.440349216475	
23.2463492855387	
23.0595915134661	
22.9157730846626	
22.6941400930075	
22.4995153431821	
22.5820904201344	
22.5341715341922	
22.3606582545757	
22.3154781882588	
22.2681665871198	
22.3402493408692	
22.3018803670698	
22.3181547673663	
22.3718417418134	
22.3459804856679	
22.3970721078929	
22.5275278000424	
22.5136637869855	
22.4222263526573	
22.5372946636448	
22.7126579208311	
22.7175488063505	
22.6564897565823	
22.5636103539328	
22.5851493178978	
22.6267931430326	
22.6878392364143	
22.6745845524819	
22.709466218846	
22.6913007678055	
22.6974269869325	
22.8214676553355	
22.808774534565	
22.7782306204501	
22.8903185875558	
22.9728775026916	
23.0325682154631	
23.2710348218185	
23.3742805494671	
23.4987881390845	
23.6733469999548	
23.6825649704197	
23.8168707062498	
24.0009474891863	
24.1085851220058	
24.2146208271095	
24.3425776539989	
24.5751427666758	
24.6976013300693	
24.8892747676286	
25.0295356413838	
25.4005667333116	
25.6695615331715	
25.964822888168	
26.5550928367078	
26.9391950304629	
27.4205153856804	
28.0267043408242	
28.5867492715774	
29.3474643934543	
30.0765172927031	
31.0188730202987	
31.9679925370784	
32.9741757843104	
34.0028047321993	
35.4374598974153	
37.3792902958829	
39.5922809317809	
42.3630035675087	
46.080759477138	
51.5773702457863	
60.6439370596455	
76.9479434889558	
115.898674841534	
277.962248813395	
1874.62733594704	
1913.06745457265	
1929.28933944375	
1937.11982019337	
1941.19850433918	
1942.8123414229	
1942.8350310407	
1941.17444397949	
1937.20645271057	
1929.27842712517	
1913.66413676167	
1875.11783656691	
1713.10256306612	
116.503523121328	
77.7107706669656	
61.0072739282448	
52.0911727764118	
46.5486192846018	
42.9195996367915	
40.3416810177036	
38.2087366516748	
36.5790940975975	
35.2693894720637	
34.1335926192923	
33.2753238973571	
32.5731032229678	
32.0043778583981	
31.4480845377517	
30.8018320655313	
30.4445022514395	
30.0073284242502	
29.5490954425087	
29.2397278497662	
28.9034566842055	
28.7081441542988	
28.5143453993441	
28.2411003653348	
28.0324923937132	
27.7529861184557	
27.5146373789716	
27.2581127148923	
27.0728225291197	
26.9385279339412	
26.917702370283	
26.8742210105872	
26.6572552611739	
26.5686718268517	
26.5682779672938	
26.6342063325349	
26.51365128934	
26.5327116507005	
26.4878671824019	
26.4473820221797	
26.5024207520391	
26.6350223265694	
26.591450692564	
26.4561979188042	
26.5951966314352	
26.6832723223538	
26.6302676398441	
26.5598044074704	
26.4916397933378	
26.4999110615821	
26.4679719656181	
26.5598458706279	
26.6199843045683	
26.572548648636	
26.5439349416049	
26.4464260292212	
26.4454749753467	
26.3886746904877	
26.374268814313	
26.4268238172975	
26.4255657349082	
26.5158143600296	
26.7201643331372	
26.746520443205	
26.8895921597263	
27.0084111490526	
26.9027000977222	
27.0990181114035	
27.2157378001466	
27.268804114477	
27.3403648385369	
27.4289620892286	
27.6506441118192	
27.8268459979253	
27.9924006262862	
28.137439507394	
28.4957075930192	
28.7497699009001	
29.1016302252458	
29.5016782446752	
29.9682777212265	
30.4318325948226	
31.0073494085246	
31.627667029825	
32.3675832049337	
32.9993080489502	
33.8857124756121	
34.7718373274171	
35.6461287388205	
36.6530961413672	
38.097568084537	
39.867855669177	
41.9622972340014	
44.5924692062456	
48.2215623967992	
53.7219652553418	
62.4802233464474	
78.8333111006226	
117.630917479946	
279.57933267327	
1875.89958483147	
1914.20274136046	
1930.07347362944	
1937.52307140609	
1941.02214466726	
1942.02510671074	
1941.02757535849	
1937.49051239098	
1929.92880333304	
1914.43338669961	
1876.21099064721	
1714.38006641104	
117.65223792259	
79.0504508833111	
62.1950519740507	
53.5031672315014	
47.8729355250226	
44.2800138927568	
41.6506911136144	
39.6358892596714	
37.9080992800261	
36.6286192999827	
35.2923987599761	
34.4247676752591	
33.6445872112846	
32.7982461836678	
32.1205275314565	
31.4844379826373	
30.9463024615944	
30.3418857510055	
29.8813110797907	
29.2836051172623	
29.0736064668644	
28.5960536347778	
28.3508821159799	
28.0659795363755	
27.7751481235301	
27.5485288614919	
27.2736688812051	
27.0657141596449	
26.8725260893334	
26.7024162100249	
26.6442045565845	
26.7131013728332	
26.5232253179486	
26.3822639838021	
26.3482910257297	
26.4491113698735	
26.3414094717873	
26.3568080583621	
26.3915235418439	
26.3767381235921	
26.3447245626614	
26.4143879739096	
26.5040445931899	
26.4494907153544	
26.5067217410165	
26.6125138000701	
26.6420126424606	
26.5328439414941	
26.5251828494208	
26.5181556607968	
26.4930735033762	
26.5492536784414	
26.5763231974592	
26.614084952822	
26.6147872428089	
26.5905900441063	
26.5990287021882	
26.5765920628828	
26.5364936358156	
26.6462935765908	
26.6327654025345	
26.6244467002856	
26.8549106606402	
26.8885606679588	
27.0834041452644	
27.1849741716334	
27.1976967522553	
27.2771325780526	
27.4451102200984	
27.5881171893475	
27.6704255800443	
27.8253153065262	
27.9244566539273	
28.1573885861663	
28.3122133207509	
28.3079968011602	
28.6030744449356	
28.7816793937059	
28.9725968579144	
29.3350350341953	
29.6635500179173	
30.024629414111	
30.4457108589751	
30.9099299571628	
31.5781827478453	
32.0500320972784	
32.8028730169723	
33.590637452502	
34.5097805776438	
35.4463602832074	
36.7377341346231	
38.5449224051093	
40.6631718860562	
43.2590168769191	
46.8632434037536	
52.2923403376517	
61.1741769467117	
77.4933033823936	
116.430887208962	
278.381885083394	
1874.93209672098	
1913.23953583539	
1929.49007487391	
1937.2800162021	
1941.23870012301	
1942.80984103835	
1942.77215260221	
1941.00692185529	
1937.04251060294	
1929.01345806847	
1913.34014270685	
1874.68995017857	
1712.57794917977	
115.970883457191	
77.209878910443	
60.3397232917231	
51.3721114735466	
45.807429795582	
42.0625780418919	
39.3757575686281	
37.2788185748579	
35.4791508888988	
34.0413096046779	
32.8235489330481	
31.9152482997006	
30.9915906641945	
30.2138464388713	
29.5214529610449	
28.7864327428954	
28.1362618547772	
27.5504099017269	
26.9892844089981	
26.5626957974211	
26.125837667907	
25.8216645935686	
25.5116968547499	
25.0579446905549	
24.6823506515824	
24.4870748291564	
24.1271819725682	
23.8582033018808	
23.7155421480471	
23.5335325680519	
23.4803326859933	
23.4037081699638	
23.170599964031	
23.0791374275952	
23.0689353887629	
23.0277997720433	
22.977218936293	
23.0305102966772	
22.9480966580861	
22.9004700401369	
22.9218332242239	
22.9313574323934	
22.9558460612235	
22.8826860764196	
22.9650187960229	
23.0215501844059	
22.9369130133597	
22.8571794599363	
22.8359158003554	
22.7893170697406	
22.7779159085134	
22.7342000417911	
22.7626793979999	
22.7848850906373	
22.7012361596477	
22.633938188364	
22.6664849761171	
22.6152423440106	
22.6158633638859	
22.6260116346907	
22.494534000447	
22.5756607374901	
22.7201178036199	
22.8484625500836	
22.9171553397194	
22.8995459478522	
22.9985189840224	
23.1500627062855	
23.2367781894257	
23.3225976456177	
23.3662720372568	
23.4054814274543	
23.6512863818563	
23.8726004543704	
23.9399196245129	
24.054242333588	
24.183686942227	
24.4183288984709	
24.6537730865977	
24.988013916434	
25.294428054293	
25.6624923851688	
26.0745027154363	
26.628720257205	
27.2056126324686	
27.7679929994006	
28.5135775589357	
29.4196103163735	
30.3758122320165	
31.632513004718	
33.2488310758991	
35.3717786519872	
37.9358328149573	
41.5684249799381	
46.9375278613038	
55.8307489475633	
72.1580955622716	
111.017800656998	
272.909599276072	
1869.41525977238	
1907.67981735095	
1923.83528423915	
1931.64987696013	
1935.66739469303	
1937.17039683933	
1937.07490653075	
1935.2346733356	
1931.25124800242	
1923.11739565659	
1907.41422706115	
1868.88399488596	
1706.78691200508	
110.056183555932	
71.3075782487996	
54.3436173356156	
45.359190289827	
39.739068709899	
35.9586256026657	
33.274238443802	
31.0772223891542	
29.2060078052496	
27.8326953942047	
26.5704884472345	
25.4925829545547	
24.6810854285334	
23.8061158092518	
22.9594335954855	
22.1601855531136	
21.4764248289407	
20.78447882812	
20.18045189502	
19.649395953984	
19.2641841420494	
18.8113270653941	
18.4249221044624	
17.969526502558	
17.5419282366898	
17.2697830181868	
16.8636799283338	
16.6094640751828	
16.3796626956208	
16.1497152825266	
16.0764594669394	
15.9273962380635	
15.6577869219918	
15.4720570636208	
15.339708620752	
15.2209418396618	
15.0718248171772	
