1865.24782200802	
1903.55964739642	
1919.81987167964	
1927.68910027776	
1931.80656601021	
1933.47215981856	
1933.5069749994	
1931.78623036912	
1927.89738352233	
1919.91173567307	
1904.3061345282	
1865.8473338106	
1703.92950581715	
107.304484505618	
68.6086242617898	
51.8676860455308	
42.9597038094235	
37.4747021602391	
33.8399096542701	
31.198228736784	
29.0736785939424	
27.3284111261067	
26.0135638925517	
24.9095421661362	
24.0204718987343	
23.3882471507202	
22.822870452225	
22.2984197221507	
21.7962589906212	
21.518301465687	
21.1601472003344	
20.8455128107484	
20.7164721633585	
20.6779730243306	
20.5965132763737	
20.6189586543538	
20.482783674973	
20.3370521504858	
20.1750495152087	
20.0280308853873	
19.897242800115	
19.7923372689234	
19.6939265607737	
19.7852061018905	
19.7581207384483	
19.6003160821315	
19.6529132474646	
19.6202209300994	
19.5534680344706	
19.5041391543152	
19.6035606812809	
19.6112273028302	
19.6499711839907	
19.7208795897744	
19.7908006645904	
19.8168000545628	
19.7384505614749	
19.8057163747297	
19.9705190857188	
19.8543139076376	
19.8819252107936	
19.8640345823132	
19.7725298302574	
19.7527086371209	
19.8255221329929	
19.7848544237633	
19.7305069171249	
19.6149178234793	
19.6064923549514	
19.6655004445698	
19.646745447444	
19.5419475467241	
19.5284881847942	
19.566305258691	
19.6123347694683	
19.7470014235632	
19.814904209424	
19.7841113582365	
19.786133575476	
19.8235380084729	
19.8280101530208	
19.8328879606934	
19.8545032762064	
19.9521436923689	
19.9511483321415	
20.0813589882504	
20.0601044947845	
20.0821125891428	
20.0836131083692	
20.1216683256893	
20.1744812096169	
20.1614582908719	
20.2740365735517	
20.359904127108	
20.414829888096	
20.5041943200685	
20.5917862408807	
20.7808830864144	
20.9154746279918	
21.0048211806637	
21.0535669837632	
21.1289224817728	
21.2477331288566	
21.4380073103941	
21.5854253346395	
21.7305825373118	
22.0060603123574	
22.1290413197255	
22.3089758627896	
22.4530767162905	
22.5010542573476	
22.6288937130081	
23.0088751842909	
23.2264656775838	
23.5848834926446	
23.6965218877963	
23.9147631654087	
24.24531530639	
24.5228426655371	
24.8915734183468	
25.3286503771539	
25.7415775673975	
26.359062120476	
26.9965788805503	
27.6493290125401	
28.4413726972519	
29.4634704181154	
30.3936225055554	
31.8518644832961	
33.5936315635517	
35.6911760845192	
38.3627967111293	
42.0937834068461	
47.5789260471095	
56.577316092039	
72.9515857567944	
111.864948201647	
273.80488172568	
1870.24928331671	
1908.63559422516	
1924.88935624919	
1932.66732294065	
1936.74229931652	
1938.38275463917	
1938.34291921062	
1936.56904962841	
1932.56552807037	
1924.51609665071	
1908.87261123799	
1870.3329060703	
1708.39632655259	
111.668357699943	
72.9218724880365	
56.1453441958379	
47.2580849398264	
41.7689460525941	
38.077690079937	
35.4020973047699	
33.2335185044562	
31.4813456485055	
30.1104478761387	
29.0220177050622	
28.1069226551186	
27.5192969581603	
26.9802676696641	
26.3696822440422	
25.7961518064415	
25.5990763482155	
25.2261331553925	
24.9229599451548	
24.7657485401186	
24.6467613150313	
24.6324479380721	
24.5885606822059	
24.3915910161269	
24.1880115990997	
24.0727612489143	
23.8350442848266	
23.7544894103709	
23.6442716238682	
23.516230723752	
23.4693577854376	
23.4100738801437	
23.1859600148369	
23.2027009820978	
23.0677520164761	
22.9241689430485	
22.9336717402974	
22.9736879692949	
22.9725950266164	
22.9453052202917	
22.9510780550633	
23.0091852108469	
23.033830525338	
22.9195102323903	
23.029458546126	
22.9654070290294	
22.9804129466169	
22.9978430412117	
22.8986187431115	
22.7681603888055	
22.7630015424798	
22.8475739558917	
22.779092354016	
22.6107129110947	
22.5454097655283	
22.5534185264995	
22.5363819013919	
22.5177147042692	
22.4437045114143	
22.4014814192634	
22.3761755267618	
22.4311557152236	
22.6223705639877	
22.5773623060448	
22.4801003781718	
22.5290481870877	
22.4992163969843	
22.3684195018192	
22.2947918187184	
22.3515439870139	
22.3544318226317	
22.2915472416397	
22.4128550784211	
22.4300179313653	
22.3983483782357	
22.2772000796033	
22.3227756847298	
22.3536754642812	
22.2701018546351	
22.4470884852996	
22.3960859584877	
22.4043211040843	
22.4881808711555	
22.5492553986145	
22.7538686618465	
22.7418089028879	
22.7543956758579	
22.7875261849027	
22.8349984046514	
22.962852929061	
23.0471278644497	
23.0767140616113	
23.2792504834072	
23.3824972425051	
23.431186073694	
23.497425787836	
23.4495446972443	
23.4259512079857	
23.6609662837896	
23.7325792657458	
23.803539128793	
23.8713952877722	
23.8529197250293	
23.9801596089756	
24.0119096827738	
24.2284562631314	
24.4113970803561	
24.7509654017909	
25.0435712400822	
25.5274387439662	
26.0099163504923	
26.5762852851673	
27.4129169462776	
28.2815054999006	
29.2802276343071	
30.6822777946307	
32.3081349735177	
34.329476339412	
37.0228681286208	
40.6704689107881	
46.143530597782	
55.0149085969678	
71.3521499115187	
110.056584067671	
271.870414123056	
1868.23222364597	
1906.42782374574	
1922.38406694021	
1929.78449411467	
1933.34715009272	
1934.40159697843	
1933.31306231156	
1929.69388915349	
1922.1441637936	
1906.59362204703	
1868.36401322675	
1706.63189360585	
109.984446430002	
71.2467458037583	
54.5305372261684	
45.8388903975199	
40.3206194843813	
36.7674726805567	
34.0607764982497	
32.1035681747544	
30.2956213458948	
28.9849091191227	
27.8237062723349	
27.0457972508968	
26.4038870446082	
25.6765544273681	
25.1325179629169	
24.4471292287371	
23.9960631814157	
23.6188476319612	
23.3017504747932	
22.8417798097111	
22.7008947120859	
22.5081906120247	
22.3170995068036	
21.9899168812616	
21.7112395040754	
21.5560223778996	
21.2524523420728	
21.0392906513964	
20.9172619113346	
20.7916683170325	
20.5698023331441	
20.5259355451225	
20.2585331051813	
20.1477078454322	
19.9721844574971	
19.8573835037147	
19.7822909383706	
19.7804749519322	
19.7508650972696	
19.7108009567896	
19.6977457683475	
19.7122062856489	
19.703280029693	
19.608478142407	
19.6047563823609	
19.5248226692078	
19.5368389866491	
19.4786146257615	
19.4463862037464	
19.3334326487052	
19.1500912828013	
19.2716306148801	
19.2371653053623	
19.0613940437949	
18.9881588476858	
18.9719368777364	
18.9807455245702	
18.8875615150929	
18.8411773601909	
18.8282052506249	
18.7541660008836	
18.7654053624214	
18.8525692739923	
18.8953478629745	
18.8590589269151	
18.8019108214544	
18.8250984221593	
18.6689980536708	
18.6518755582049	
18.6426151503935	
18.67211834795	
18.6648211248125	
18.5878146924201	
18.6972290101852	
18.6218109727462	
18.4930405959808	
18.4251145665691	
18.4647330471413	
18.4651747369539	
18.5140683623349	
18.4662187363153	
18.4098597063496	
18.4428069253542	
18.5321651751125	
18.6598853074427	
18.6687161701216	
18.6700925251162	
18.7523510507114	
18.7783611482014	
18.9132981710134	
18.9512780805358	
18.955776492807	
19.1527142145918	
19.238727928421	
19.2733557890473	
19.295205978742	
19.2893158489118	
19.2966902931168	
19.4014133064481	
19.5642779243721	
19.6248999028016	
19.6200024388803	
19.662887078145	
19.7501630924444	
19.7587186696478	
19.9259856080109	
20.1091755836418	
20.3615033036938	
20.6692712684973	
21.0472189294889	
21.5014677270076	
22.0615456844827	
22.648018794224	
23.565177095274	
24.6007987218552	
25.9190495652573	
27.5583461089195	
29.6265036946502	
32.251083347822	
35.8946972040917	
41.2889310592754	
50.1798185220317	
66.4823876664814	
105.172405473973	
267.065034814085	
1863.3528337941	
1901.51176207567	
1917.44129775918	
1924.88691648047	
1928.38684805544	
1929.37701763371	
1928.26744768037	
1924.59801340875	
1917.04701909272	
1901.42446956804	
1863.14066141458	
1701.35945060666	
104.650767162823	
65.9603640303155	
49.1459088381687	
40.3894771221459	
34.8300607759767	
31.1905225322449	
28.4993741967699	
26.5519887129214	
24.7164949398617	
23.4736781292003	
22.2829198965792	
21.4345076612511	
20.7209186779054	
19.9785014468707	
19.3918717048075	
18.7256994950368	
18.2297314819268	
17.7951970670075	
17.4227965176538	
16.9459744824808	
16.7659393678574	
16.5128786987526	
16.2890610994136	
15.9568794675053	
15.7928388217948	
15.528307117297	
15.2404296187449	
14.9544941137661	
14.8180539456533	
14.632176124239	
14.3980537902237	
14.3315223398452	
14.0477073736495	
13.8098442670718	
13.6220206623129	
13.5059677817247	
13.3123716834059	
13.2367511985969	
13.1710198794126	
13.0928525975723	
12.9667906113368	
12.8560927782773	
12.8523157092265	
12.6806825322502	
12.5726570241761	
12.5460656731475	
12.4796773960165	
12.3076647349614	
12.244511738549	
12.1199105038201	
11.9106926119339	
11.877778126679	
11.8470143217947	
11.7721781297595	
11.59579466582	
11.5415423730866	
11.4999771513087	
11.3953540775806	
11.2758875380835	
11.194542690887	
11.0384402926082	
10.9399393564841	
10.9418480021162	
10.8805145372943	
10.7760349289501	
10.6586174515388	
10.5425915440309	
10.3892754169892	
10.3012970476678	
10.1920852076628	
10.0498080669878	
9.99494871259185	
9.90948656080783	
9.92408152528996	
9.77898741981642	
