1926.48750175352	
1966.50961058205	
1984.41517814335	
1994.27811977327	
2000.81629260231	
2005.25704820044	
2008.73955943732	
2011.53155546055	
2013.93700885909	
2015.84823928699	
2017.60148513267	
2019.07836783664	
2020.31313442176	
2021.35521524854	
2022.35920945732	
2023.28990893771	
2023.91432265061	
2024.42578002826	
2024.76702448892	
2025.20044746434	
2025.37057175606	
2025.5007877079	
2025.45958170484	
2025.48498084213	
2025.14715958177	
2024.74932999683	
2024.23043301491	
2023.41006027124	
2022.16059296223	
2020.59888214068	
2018.5572625176	
2015.70924925721	
2012.02258844387	
2006.44570120226	
1997.38117792734	
1980.69365398248	
1941.61134886394	
1779.13283249588	
181.988555803868	
142.780060827162	
125.694799941836	
116.748790145928	
110.976275366036	
107.330242796695	
104.633115616841	
102.59666197839	
100.9263276995	
99.8613971253836	
98.8761282189376	
98.1596319262256	
97.7830791895868	
97.3769748604022	
97.1777605017753	
97.0455868032571	
97.1672086202898	
97.4537932835706	
97.689364115611	
97.9564672502084	
98.4800072704014	
99.0972609187752	
99.8217622325868	
100.500164362157	
101.444957945596	
102.581462827291	
103.829323235446	
105.326040921251	
107.192725724475	
109.377108571238	
112.168391864229	
115.586138255677	
119.891183588225	
125.991356775397	
135.664711023175	
152.880447710542	
192.695022947862	
355.833558965205	
1953.58704912741	
1993.28045942316	
2010.95523476194	
2020.51823064304	
2026.76837669946	
2031.01634388419	
2034.2862816144	
2036.87789004972	
2039.08068335176	
2040.7330685158	
2042.18359437604	
2043.39657768146	
2044.23353996901	
2045.17101618313	
2045.93130614379	
2046.4965643395	
2046.77299231499	
2047.00288233228	
2047.26319197976	
2047.47003837065	
2047.31500177276	
2047.2038377757	
2046.9454349084	
2046.57093912365	
2045.99302340017	
2045.14838560576	
2044.23416801469	
2042.86450430106	
2041.09955507042	
2038.93405516148	
2035.98530483231	
2031.98010301646	
2026.38460067603	
2017.1207678795	
2000.45820963102	
1961.21617474291	
1798.68433112186	
201.209892166006	
161.968288270595	
144.729830104378	
135.594445141646	
129.684946980358	
125.847751300068	
123.107580667959	
120.957416057219	
119.141529809448	
117.934202564974	
116.822387514995	
116.032394014554	
115.594974926991	
115.177221798211	
114.727326610581	
114.429967597813	
114.516168244204	
114.670813593506	
114.889911804018	
114.971733990717	
115.556105218674	
116.018758424384	
116.566915086361	
117.236065004744	
118.100923097883	
119.056708035246	
120.281793556418	
121.782175432449	
123.510995452868	
125.496639013253	
128.234943445237	
131.559083793463	
135.764060635731	
141.80581649941	
151.345993700649	
168.411569238641	
208.009880806427	
370.936748644976	
1968.78055162587	
2008.30502436648	
2025.91689016419	
2035.47285468763	
2041.63748213964	
2045.8011800858	
2049.01514324558	
2051.47280706719	
2053.6804384548	
2055.14369266562	
2056.52906300348	
2057.65674193536	
2058.33450243011	
2059.08381818969	
2059.77055516205	
2060.36998135183	
2060.46496236079	
2060.73464637005	
2060.90979947386	
2061.02727592022	
2060.67654848243	
2060.46355358194	
2060.18634257183	
2059.68875885103	
2059.12324876149	
2058.15393903578	
2057.08798657821	
2055.6298144305	
2053.86771550699	
2051.62451637143	
2048.66509970972	
2044.62159699268	
2038.87294106005	
2029.65547618181	
2012.84761864782	
1973.38877221785	
1810.84625032707	
213.463818767742	
174.166181027682	
156.857088980561	
147.562047930879	
141.80348255896	
137.812194373523	
134.968298996059	
132.738593426033	
130.85562723113	
129.524893320873	
128.388596326528	
127.686454448896	
127.035176324389	
126.723084280353	
126.246976830586	
125.907223786781	
126.005113675181	
126.16667729785	
126.284339793724	
126.366973864668	
126.770087894066	
127.480493522535	
127.957574272837	
128.622984391857	
129.549622098445	
130.620396071691	
131.992330485895	
133.654873238752	
135.734905751361	
138.149146279541	
141.364390529259	
145.662221995211	
151.625676317901	
161.16341869322	
178.209593060685	
217.80082888758	
380.548030040441	
1978.05642055524	
2017.75356142108	
2035.2463551949	
2044.80948246904	
2050.86572403942	
2054.89102260332	
2057.95874831179	
2060.36742258611	
2062.44420465565	
2064.01222582114	
2065.27425769637	
2066.32310829622	
2067.1357628471	
2067.66378881015	
2068.23776244693	
2068.79466360909	
2069.00069472864	
2068.98925289181	
2068.97541927032	
2069.01749663996	
2068.78582700383	
2068.40113347067	
2067.93247470174	
2067.56613165008	
2066.82963686923	
2065.97547917357	
2064.84847741611	
2063.41818748232	
2061.66505586339	
2059.64254127804	
2057.20269119688	
2053.86301084763	
2049.73825566378	
2043.67280617979	
2034.1997168891	
2017.13991102719	
1977.53350371496	
1814.6435134038	
217.038525503841	
177.440674753302	
159.937473068867	
150.462155314766	
144.369760562016	
140.326705122443	
137.159532420827	
134.736248150404	
132.689654142881	
131.1551357341	
129.751304454096	
128.840143421311	
128.064310368555	
127.311201190108	
126.662995879732	
126.042174843763	
125.75063987104	
125.534377424885	
125.31766194941	
125.154005473546	
125.255385542877	
125.540623190503	
125.812997364604	
125.974656856534	
126.530353838495	
127.294998324046	
128.311048715536	
129.505399740882	
131.009444119624	
132.705420164815	
135.094085872168	
138.183429926531	
142.059017851393	
147.813688459308	
157.075764679562	
173.940825912086	
213.348711674978	
375.986635479938	
1973.44753762899	
2012.62632149588	
2030.02768015264	
2039.22661226476	
2045.00991440491	
2048.86752292798	
2051.73150396081	
2053.85806633097	
2055.71238074848	
2056.94787327856	
2057.96819238226	
2058.77307171317	
2059.1846928097	
2059.69587756305	
2060.18623564085	
2060.4255172182	
2060.35160536283	
2060.27779247673	
2060.18283707797	
2060.01110799371	
2059.46759795276	
2058.96142544372	
2058.4369449476	
2057.7712515993	
2056.88695106253	
2055.60130117641	
2054.15181579085	
2052.39397917018	
2050.34329739778	
2047.82938349083	
2044.52712405652	
2040.19214020379	
2034.14767360168	
2024.61563176469	
2007.51175482502	
1967.85221473999	
1804.95095756558	
207.217292842268	
167.611782646608	
149.957696578367	
140.461052810867	
134.332700629388	
130.106712979493	
127.018217014662	
124.593017340455	
122.389062064076	
120.839228119483	
119.361637239074	
118.307761821024	
117.571093553853	
116.757776407734	
115.973329343617	
115.347944843335	
114.963851428116	
114.684237895153	
114.502868218471	
114.244801599323	
114.255196546325	
114.497106573189	
114.688336107799	
114.834429831878	
115.304450932355	
115.949775919704	
116.941034018343	
118.074118305886	
119.396098919834	
121.111263808788	
123.468856374656	
126.41707084333	
130.248167605853	
135.937882184589	
145.126229914947	
161.860816774222	
201.189223861435	
363.727423786899	
1961.08588190094	
2000.30358178159	
2017.56959394991	
2026.73104181712	
2032.52006919926	
2036.29736185496	
2039.12026645528	
2041.16198957349	
2042.95930364386	
2044.00262571634	
2045.07799242465	
2045.75371965057	
2046.08114273724	
2046.46973778391	
2046.84345348372	
2047.10832704735	
2046.98522831645	
2046.89298288486	
2046.66457837464	
2046.43649233995	
2045.76192834705	
2045.15681876114	
2044.50201612806	
2043.69429500907	
2042.76851680085	
2041.34768601947	
2039.90041671449	
2038.05622304855	
2035.81864364636	
2033.20568663123	
2029.81852581106	
2025.42299431615	
2019.27832913747	
2009.6501017474	
1992.52111701239	
1952.73154505053	
1789.69766003928	
191.908934184376	
152.171349148422	
134.52323490068	
124.924071665839	
118.609663254653	
114.29980193779	
111.116342117626	
108.510496669474	
106.263374088911	
104.583899418093	
102.993221974877	
101.879190461196	
100.993879306724	
100.17691501428	
99.3541988496407	
98.5096393019241	
98.0653235646017	
97.6458437380054	
97.321141113703	
96.9610338109429	
96.887768400959	
96.995361998842	
97.0988173058253	
97.1704731326204	
97.5460323849815	
98.0743701753787	
98.8955514859179	
99.8946175949102	
101.195906500034	
102.708089749834	
104.912371939582	
107.674497903937	
111.372423585478	
116.949412053366	
125.928631346188	
142.552113347686	
181.800547916898	
344.251883377038	
1941.46981296886	
1980.485650703	
1997.62559742889	
2006.73720571252	
2012.301553428	
2015.91210841661	
2018.59741507597	
2020.50934880221	
2022.1280358739	
2023.00055312074	
2023.83420511329	
2024.33724601248	
2024.48263624448	
2024.63196549009	
2024.85897735236	
2024.90983088867	
2024.52383035977	
2024.2934949663	
2023.8839328896	
2023.36548863644	
2022.55815677662	
2021.71821835884	
2020.79688965339	
2019.84662974178	
2018.60279689455	
2017.00310179296	
2015.28169377181	
2013.2872616013	
2010.92681941438	
2008.08856709421	
2004.54132420825	
1999.92528758331	
1993.52094958891	
1983.62862547155	
1966.20023863902	
1926.07669333067	
1762.78686227091	
164.713573440712	
124.727794632322	
106.679180640284	
96.6385423900254	
90.1146994417021	
85.4229632334916	
81.855060004144	
78.9360363872419	
76.3219563762966	
74.2811607421564	
72.3635256741894	
70.8408068887011	
