1893.90399782438	
1932.5642317967	
1949.21567004119	
1957.3994504791	
1961.64482941198	
1963.61492527406	
1964.01402659408	
1962.62088247905	
1959.06641720903	
1951.3355998889	
1936.10858294135	
1898.05577474519	
1736.39743498895	
140.122100482018	
101.984589361023	
85.6529831724258	
77.2966603232698	
72.4620032845543	
69.2921770605156	
67.3833036143241	
66.0976923444911	
65.2298384176084	
64.8475636688524	
64.6491068556611	
64.7533908909795	
65.27415382315	
65.8723945782732	
66.5750465608029	
67.6441051391672	
69.3296704229311	
71.3758919775285	
73.8339610982926	
77.3850849955824	
82.8957990425383	
91.915552799749	
108.36272720271	
147.349320713794	
309.387025135829	
1906.08543552477	
1944.45047037187	
1960.88239569337	
1968.74348184822	
1972.78312168709	
1974.83381941212	
1975.04533011111	
1973.37982489525	
1969.63913400735	
1961.82970509849	
1946.4314915644	
1908.2155396835	
1746.49547894495	
150.236044824431	
111.879728873411	
95.5204061902803	
87.196180898913	
82.1074464655222	
78.8872338266918	
77.0083915172281	
75.6566475088859	
74.669536943432	
74.1567918863726	
73.7260329910903	
73.7795603820465	
74.1072813977929	
74.5964575864065	
75.1805903080963	
76.1712189884147	
77.6654591190753	
79.4728219746182	
81.9194931282063	
85.3610502401393	
90.6226101801813	
99.4721203940707	
115.825722824158	
154.55834149659	
316.598882252384	
1912.93680136369	
1951.15152375617	
1967.07963577344	
1974.3809885188	
1978.02279642054	
1979.32814351353	
1978.43684184505	
1974.88113888129	
1967.49000875572	
1952.29034174187	
1914.31250923025	
1752.6607061565	
156.229281327486	
118.004020197141	
101.638396162409	
93.3562679817607	
88.4680602426213	
85.2814733746335	
83.0765318580014	
81.9231932342597	
80.9574475816573	
80.5170836068582	
80.0270963971751	
80.14712270685	
80.4950212153956	
80.9060316645856	
81.5449174545425	
82.4876588222848	
84.0985849816015	
86.0059256660905	
88.4306707614844	
91.7620756249924	
97.2351587289171	
106.038143294095	
122.364882941866	
161.178185889168	
323.238070722506	
1919.9532065527	
1958.25461482071	
1974.51759980121	
1982.27934426418	
1986.1225991988	
1987.93607674993	
1988.15625012678	
1986.39653636748	
1982.46181058069	
1974.54871160931	
1959.26772610304	
1920.90643414344	
1759.09618734717	
162.739312747054	
124.232064213714	
107.862165397806	
99.4475896940944	
94.3429399229389	
91.1436508373712	
89.1392323580506	
87.722624702023	
86.7632429094379	
86.1375802457723	
85.6224101837733	
85.7156192643071	
85.8278641449266	
86.2796696405687	
86.8289447504149	
87.6363557211849	
89.0970591637049	
90.8302093787932	
93.1976093113019	
96.519049025898	
101.757155544188	
110.497602021844	
126.701835557929	
165.288739928394	
327.250785968686	
1923.52978644936	
1961.77154630353	
1977.56632420885	
1984.92765424234	
1988.4366877188	
1989.63060352273	
1988.72547984341	
1985.08211291822	
1977.64540440295	
1962.30248591188	
1924.46097021287	
1762.73132761465	
166.179791266441	
127.894268111077	
111.349243580631	
103.122491411137	
98.2154429844451	
95.053874413815	
92.8294279169016	
91.6137810552611	
90.6423065399605	
90.1611414424013	
89.5638669583088	
89.6333149238918	
89.9554499037145	
90.2604860003382	
90.843785179541	
91.8608687176668	
93.3126499801691	
95.1092598032554	
97.4220831784251	
100.692532039201	
106.017789353532	
114.69731276906	
130.927979851235	
169.651647322238	
331.565400107786	
1928.27697061128	
1966.4162813789	
1982.6457204039	
1990.34487374497	
1994.16182107382	
1995.94103008211	
1996.12599703395	
1994.31761694615	
1990.29144420674	
1982.39069272598	
1967.09946663564	
1928.66161213368	
1766.74261153458	
170.375862131396	
131.979117124449	
115.469671312047	
106.913886125308	
101.906462087644	
98.6749717050662	
96.5877786449179	
95.136839950335	
94.2141167235501	
93.5483722699404	
92.9921723659935	
93.0287250542398	
93.1847963429901	
93.5516870975174	
94.0198215269866	
94.9343544319855	
96.3152064939592	
97.8978140187386	
100.088919861264	
103.410426820903	
108.536149571022	
117.221323650701	
133.399756355892	
171.898181758137	
333.828393744951	
1929.94856513671	
1968.15751967602	
1983.88632215065	
1991.18187166591	
1994.61486503577	
1995.76877948102	
1994.86430915106	
1991.21987922684	
1983.7002474954	
1968.32417872421	
1930.34888187844	
1768.59011866596	
171.962107358815	
133.691732540764	
117.150004642141	
108.736745071227	
103.682973875016	
100.539559638603	
98.291257362588	
96.9428717358527	
95.9563165215382	
95.3771151933912	
94.5794177312047	
94.6851868451783	
94.7264207316301	
94.9382258762094	
95.2607158335748	
96.0266433002003	
97.3509299044879	
98.9543758017899	
101.062885494813	
104.119192850325	
109.380207664558	
117.846605467069	
133.996235701628	
172.640457890069	
334.433186558419	
1931.02185471331	
1969.14285021118	
1985.35073898166	
1993.01993978952	
1996.7945356903	
1998.5360597747	
1998.71580579977	
1996.90150419485	
1992.89546384747	
1984.92696988952	
1969.61041516525	
1931.03248880527	
1769.01679105356	
172.559544026348	
133.989020838688	
117.359686784388	
108.637845056442	
103.445420224921	
100.008473609329	
97.7386097285697	
96.1691419813599	
94.8817462486933	
94.0133253035358	
93.2224040188464	
93.0281000911199	
92.8692808855484	
92.9699002109458	
93.2984352992465	
93.9464803553227	
95.0519807591356	
96.4279758408126	
98.4180841678991	
101.527013407734	
106.430627268616	
114.933604544945	
130.991817758179	
169.363659616201	
331.159293532312	
1927.33956777129	
1965.36270616205	
1981.05762979248	
1988.36259174126	
1991.81469116112	
1992.95777561331	
1991.98215565192	
1988.2466146086	
1980.82552870379	
1965.38970544967	
1927.31736309455	
1765.49136395429	
168.927966219836	
130.490920119101	
113.779234742211	
105.25347928891	
100.063369931863	
96.8251898323497	
94.4404413924478	
93.0085497517532	
91.7940666473236	
91.0555773749322	
90.1112441787283	
90.0764405125441	
90.0686818355359	
90.1540828442428	
90.3598089800886	
91.0683796074101	
92.2846575444704	
93.7326218005383	
95.8736512575232	
98.9036060817962	
103.995970474866	
112.535039648765	
128.656337508985	
167.051288921736	
328.824229915728	
1925.35575464386	
1963.50753522047	
1979.58668990804	
1987.12655314303	
1991.02828853136	
1992.62063885483	
1992.72442856664	
1990.82359464029	
1986.77684933845	
1978.7311701811	
1963.37839985804	
1924.89748177012	
1762.81311561824	
166.353818052612	
127.756641787824	
111.099875111975	
102.419681066933	
97.2652327984208	
93.7905646892214	
91.5227824040019	
89.9642930028988	
88.7098085935528	
87.7865683849372	
87.211048656129	
87.0543891829733	
86.9775889526994	
87.1922146004402	
87.7962611358873	
88.7431765121649	
90.3472767828012	
92.2387655336852	
95.2408612199814	
100.139522968266	
108.617400909899	
124.607761251858	
163.148252594894	
324.604826586868	
1920.92955686054	
1959.05779852292	
1975.06820689327	
1982.71251840402	
1986.5644468437	
1988.01817761421	
1988.03488423326	
1986.23799163089	
1982.07699545555	
1974.00047019585	
1958.38032543964	
1920.08577420472	
1757.99288614516	
161.400448416733	
122.73727833927	
105.937619668598	
97.2429801330628	
91.8769926953143	
88.4747461006266	
86.0555955608799	
84.2934908396028	
83.0400812469573	
82.1695800144402	
81.216765253238	
80.8669611549018	
80.838188630544	
80.8474455525446	
80.9571292023441	
81.4685102381915	
82.5194125136742	
83.7719292602516	
85.7457066655104	
88.8591940383115	
93.7564933654551	
102.177510436788	
118.179502936497	
156.315860720228	
317.78347031079	
1914.06054736612	
1951.96198960657	
1967.67958133089	
1974.78625413876	
1978.18939429251	
1979.26072343994	
1978.0747312674	
1974.27388146559	
1966.6481470818	
1950.9378073708	
1912.94538120927	
1751.32057663443	
154.640025025048	
116.009254254149	
99.3527514822723	
90.6913704178421	
85.3153063680189	
82.0085068491946	
79.4437119465103	
77.8764352784817	
76.4875638789062	
75.6729174711338	
74.785955928334	
74.3131306761131	
74.2260762933297	
74.1757829837423	
74.3729809648051	
74.8645846538593	
75.8515483366391	
77.3066650832386	
79.1654060256556	
82.0879954942653	
87.0859278189651	
95.4560037115153	
111.478164075294	
149.847373253501	
311.366699327337	
1907.62413638056	
1945.52958732619	
1961.51738920467	
1969.22501191448	
1972.99482930402	
1974.43885138798	
1974.42987784605	
1972.35890747215	
1968.21980132689	
1959.91691280156	
1944.33220490351	
1905.85712021	
1743.80633153627	
147.013229402187	
108.337307782275	
91.4259193218039	
82.5200694660488	
77.1081834714501	
73.4578170713607	
71.0152429707234	
69.0905477119796	
67.594603485097	
66.6065648511717	
65.6556229944071	
65.1302428757016	
64.8620453122925	
64.834566387177	
64.8098616705282	
65.1308822070567	
66.0380647390157	
67.1607751804311	
69.0265100850338	
71.8897046431341	
76.7301013117116	
84.9110137443702	
100.586772416423	
138.703754148246	
300.081294424208	
1896.06234944417	
1933.71796124381	
1949.14521219742	
1956.1858749243	
1959.31524066327	
1960.09216212003	
1958.69342175984	
1954.72455431872	
1946.91923940838	
1931.08019914518	
1892.74644336244	
1730.60359028263	
