1914.02523625031	
1952.90906695387	
1969.82257219187	
1978.18824859466	
1982.97383244354	
1985.36836374352	
1986.01234751862	
1985.02057174627	
1981.99649231951	
1974.88948667125	
1960.25450774118	
1923.05961079722	
1762.37539132642	
166.814644307014	
129.544966132716	
114.51655660683	
107.586514776911	
103.979702610165	
102.969804554955	
103.639434848777	
105.667332558609	
109.854001099997	
117.990774953258	
133.691781940641	
171.908459514746	
333.747398396009	
1930.0954986513	
1968.28023429109	
1983.98680983436	
1991.78321734627	
1995.70392504235	
1996.90920592253	
1996.28897092539	
1993.38114925306	
1986.61418741601	
1971.87526700265	
1934.59636085424	
1773.92207332821	
178.184938743179	
140.62266017637	
125.413576178935	
118.587517439953	
114.667898181383	
113.751716027209	
114.336011612525	
116.316638579594	
120.26633794778	
128.353028384854	
143.874661584027	
182.098745951789	
343.926054139031	
1940.10587811262	
1978.2845861288	
1993.9946861567	
2001.79409968402	
2005.64838080238	
2006.80025302894	
2006.05242479866	
2003.22094578651	
1996.3799955453	
1981.58900951712	
1944.09160971917	
1783.40141054041	
187.618907971926	
150.130752130573	
134.786292897797	
127.80844932065	
123.959224420353	
122.814605349441	
123.481768981962	
125.418822517101	
129.164790299144	
137.127154799844	
152.61673999294	
190.890559544885	
352.708192510341	
1948.91399940738	
1986.91825261614	
2002.60663714934	
2010.34398685895	
2014.22739459095	
2015.40552771491	
2014.58289672138	
2011.69563982228	
2004.98354745666	
1990.24173586879	
1952.88323632463	
1792.18259960725	
196.350997470359	
159.023508499008	
143.993955778382	
137.276362321967	
133.941988695354	
133.356976980148	
135.001324485658	
138.74667375294	
146.029863122885	
161.554072069897	
199.457182252885	
360.907425533948	
1957.25022655738	
1995.42409347973	
2011.32242979008	
2018.89359820175	
2023.29199647592	
2025.11329455414	
2025.21009786857	
2023.65397021706	
2020.4060777748	
2013.12210453612	
1998.11454929912	
1960.53867889146	
1799.54007109464	
203.653620301052	
166.24879404749	
151.107744874055	
144.150614775449	
140.703842468104	
140.014359586292	
141.590968612344	
145.155008364342	
152.346988678535	
167.841595567659	
205.834613427449	
367.058152663491	
1963.41348357143	
2001.62450753182	
2017.31403641973	
2024.87756052087	
2029.17944087256	
2030.97420123425	
2031.00882897798	
2029.5727188779	
2026.24778967273	
2018.98366535888	
2003.89231505494	
1966.22806462015	
1805.10491598326	
209.223301888691	
171.749348991592	
156.715194113437	
149.600424606018	
146.082717463894	
145.474303732028	
146.840488708563	
150.366731166069	
157.520462438854	
172.942007285365	
210.878293186437	
372.035756200913	
1968.30024587327	
2006.40934541556	
2022.15181773203	
2029.6070070495	
2033.90306368906	
2035.72246819801	
2035.63248170042	
2034.2271344528	
2030.873760986	
2023.58214288472	
2008.52238864576	
1970.69298800661	
1809.5663141525	
213.708217775754	
176.216900904554	
161.095946920323	
153.983285373509	
150.455814288324	
149.832808891822	
151.167368497611	
154.666864412321	
161.773743037502	
177.108662940173	
215.087870318397	
376.32331386723	
1972.56024576448	
2010.64300766012	
2026.25951017436	
2033.76774557861	
2038.06194341713	
2039.7769364572	
2039.64036968087	
2038.14337650131	
2034.7885883155	
2027.41395605307	
2012.40127366182	
1974.38133239821	
1813.29499890417	
217.403912275301	
179.930099493951	
164.765454504864	
157.562625577406	
153.986024807582	
153.285884512005	
154.702087533059	
158.13854186078	
165.242596667298	
180.535613103852	
218.505769305726	
379.726994838727	
1975.81204745866	
2014.05249524286	
2029.59174095085	
2037.08932851595	
2041.4289226599	
2043.09750106768	
2042.96566339362	
2041.39407690064	
2038.07137922379	
2030.68367830638	
2015.629417912	
1977.60281078544	
1816.52184210287	
220.601818878577	
183.121190588373	
167.790452228775	
160.601949393107	
157.011557169272	
156.235398749999	
157.539288062855	
161.02183445848	
168.04048166585	
183.275071570685	
221.288399801128	
382.42106325939	
1978.57122632539	
2016.66025239394	
2032.09253169292	
2039.67727786817	
2043.91732848436	
2045.54962697761	
2045.45153098036	
2043.87628511497	
2040.50857763737	
2033.08848008295	
2017.96853001319	
1979.83381362	
1818.70392704584	
222.827083712598	
185.294495933895	
169.90474483026	
162.554781479007	
158.996695322675	
158.177932479261	
159.415716609179	
162.815134259983	
169.70145751472	
184.845135898175	
222.755164307637	
383.878834815918	
1979.82397485711	
2017.63900510915	
2032.83863104035	
2040.15793300009	
2044.04227170378	
2045.46170800501	
2045.11611307286	
2043.27552296247	
2039.51089581854	
2031.97846325386	
2016.59904087614	
1978.1900188687	
1816.75543714033	
220.794804425092	
183.196117162132	
167.67002226382	
160.262892423149	
156.750963730784	
155.79715063068	
156.94458157947	
160.281332526399	
167.07293508618	
182.175854246081	
220.105821455014	
381.165692059525	
1977.20057411036	
2014.83305423346	
2030.08066797736	
2037.40165024946	
2041.23699936747	
2042.54728744556	
2042.16056751388	
2040.28998439758	
2036.43095858499	
2028.86241262905	
2013.39001878709	
1975.0116862338	
1813.57195847142	
217.516243053617	
179.931640680295	
164.424004315501	
156.952681768937	
153.466875226294	
152.452535490947	
153.529041328426	
156.80616224732	
163.635220965371	
178.710074715426	
216.579148573127	
377.630708861814	
1973.64173593976	
2011.30500343744	
2026.53875604026	
2033.7756910762	
2037.5899309059	
2038.89687423368	
2038.45441488041	
2036.54220495657	
2032.6694329232	
2025.06838868052	
2009.55270675158	
1971.25111466312	
1809.68434954917	
213.603985882461	
175.878311156959	
160.342917216497	
153.000397932845	
149.317053108997	
148.257011685157	
149.290789347782	
152.534412625264	
159.318271110667	
174.34289744558	
212.106459480464	
373.073262693353	
1969.15754090919	
2006.71588893316	
2022.03581466727	
2029.13629954995	
2032.85053455268	
2034.08169488889	
2033.56665690057	
2031.57629509098	
2027.64173213168	
2019.8620788548	
2004.33363628499	
1965.83436941975	
1804.13368920621	
207.859315380196	
169.913526122468	
154.043415222316	
146.295671657461	
142.089668176809	
140.409844092584	
140.321935131562	
141.742269139343	
144.943000839407	
152.358801448576	
167.524230641467	
205.277153565237	
366.514122573849	
1962.01699346894	
1999.32204914206	
2014.43746934679	
2021.50194670473	
2024.72031989028	
2025.25402363699	
2023.94108207899	
2020.31870449299	
2013.04527480506	
1997.56693735615	
1959.31201014417	
1797.88331132051	
201.674863919641	
163.737463570809	
147.889110060157	
140.334916454614	
136.069409274117	
134.47475082759	
134.331302489743	
135.900091700057	
139.036557239331	
146.485873112403	
161.485092319642	
199.317774271972	
360.497442435831	
1955.91456905391	
1993.31507162592	
2008.44179766094	
2015.40185192703	
2018.58742220596	
2019.16401459028	
2017.72330175765	
2014.17591313022	
2006.85665028599	
1991.50748783926	
1953.20566543	
1791.7667942432	
195.466647653018	
157.535852517734	
141.652289200293	
134.097413535051	
129.835436850624	
128.136745290737	
128.053743269875	
129.558952870082	
132.650419554026	
139.969163310469	
154.988834696626	
192.858031692914	
354.076660578994	
1949.47723631246	
1986.82147472786	
2001.92128158548	
2008.86127522016	
2012.00843614182	
2012.60277778105	
2011.09017375522	
2007.49486393456	
2000.11300603917	
1984.70825560145	
1946.45488110866	
1784.94154146979	
188.489838921685	
150.543283521159	
134.642818300076	
126.959164827521	
122.632859944967	
120.917076073315	
120.745229714023	
122.168011093181	
125.34384123969	
132.586663995725	
147.477169074222	
185.278078059954	
346.431877993931	
1941.8660507595	
1979.14251317443	
1994.23780307987	
2001.26165112341	
2004.31766388066	
2004.84954424668	
2003.31739081266	
1999.67105178957	
1992.29279207912	
1976.70666701508	
1938.44613572635	
1776.84594929736	
180.273033184694	
142.22002498013	
126.24940144121	
118.534581297184	
114.045756646268	
112.357465988561	
112.097200670804	
113.375773617924	
116.433757778151	
123.631495154204	
138.483390123734	
176.204057294864	
337.318614489282	
1932.69452879007	
1969.89673923222	
1984.90845882555	
1991.86120470434	
1994.81095638135	
1995.29970041369	
1993.74399731958	
1989.98633049312	
1982.47942210056	
1966.74069871807	
1928.29940470947	
1766.60803516938	
169.987636722461	
131.750608439407	
115.608790521674	
107.660411696548	
103.112182272859	
101.146426792552	
100.701349923757	
101.819167777936	
104.778414654161	
111.812960548565	
126.528409199062	
164.042578748648	
324.809202004452	
1920.01845925004	
1957.08899440879	
1971.86323910937	
1978.49809942034	
1981.22855304153	
1981.32519319134	
1979.38737589059	
1975.17770256199	
1967.26618221565	
1950.9614699142	
1911.95687963802	
1749.64362548409	
152.229685931528	
113.097876718427	
95.8671638620174	
86.6463083797456	
80.4160942663673	
76.3543648752991	
73.2842531298431	
70.7530473573215	
68.3007142125273	
66.505130116971	
64.8435129442916	
63.6083956804353	
