1869.07211651165	
1907.53286219849	
1923.79886267387	
1931.67369107425	
1935.79298260337	
1937.54587797902	
1937.55630765248	
1935.77437068026	
1931.88760040672	
1923.97716999254	
1908.32400446098	
1869.86486659632	
1708.06383130755	
111.479186986639	
72.860360890439	
56.1573323133037	
47.291718995754	
41.8226906790375	
38.2335237869451	
35.6899143490756	
33.6694074613348	
31.9250870977551	
30.73270407595	
29.7841368961148	
28.8604221148094	
28.144743601357	
27.5498335762258	
26.9892723719058	
26.3774341623031	
25.9302439007244	
25.5017139076693	
25.144744646958	
24.8613241979544	
24.7194936257492	
24.5637922407696	
24.3788097973186	
24.1847867221913	
24.0972978825232	
23.9468968050588	
23.7529584553607	
23.6417900377172	
23.5835671319244	
23.4725722378781	
23.4207835529203	
23.4404474775211	
23.2997056241344	
23.3288091108008	
23.2827806743429	
23.2290529818451	
23.1959162262914	
23.3206356571468	
23.4443718323398	
23.5460889261469	
23.688946017911	
23.8263214268677	
24.0568573703174	
23.9708031562347	
24.1544131571385	
24.3661939502975	
24.5799182961358	
24.8517768223807	
25.0784215060283	
25.1664360033962	
25.249059107608	
25.4867172984031	
25.7384197933103	
25.9822387495324	
26.0503071993548	
26.3648854509257	
26.6119701663927	
26.7753745285723	
26.8590723615358	
26.9390879534491	
27.0684095597104	
27.3902540059952	
27.8033958555924	
28.0061882070079	
28.1381418328705	
28.3212417625467	
28.5790811369612	
28.8831930203715	
29.2804108498687	
29.5915314465906	
30.0155715298028	
30.45897764945	
31.0502167398321	
31.5703748829288	
32.1977219187535	
32.9497967037221	
33.8233550252604	
34.9274505756846	
36.2601323861419	
37.9122814517716	
39.9119835169426	
42.5989378486722	
46.2790757899861	
51.6842924021699	
60.638594431896	
76.9704556594303	
115.710673573773	
277.488047751732	
1873.91282328115	
1912.05063430094	
1927.87623556815	
1935.39084605708	
1939.04604204539	
1940.06794215692	
1938.94264717995	
1935.35276662196	
1927.9548865944	
1912.33366486996	
1874.09860692534	
1712.53740323599	
115.945843909947	
77.4125779223276	
60.7070829247836	
52.0329791130111	
46.4533810902096	
42.9171671246696	
40.2917745817161	
38.4615990265219	
36.5997491833329	
35.4574471760633	
34.4437069448982	
33.5815674458631	
32.8470662686251	
32.1805075867239	
31.5832166291615	
31.0465327584163	
30.5748194744623	
30.1633826518318	
29.9024659457599	
29.4781671888908	
29.4068044581994	
29.2277488564318	
29.0286055385557	
28.7835102239677	
28.7512261042375	
28.5307545636677	
28.3453060958496	
28.2558479127336	
28.1042827013895	
27.9530252498576	
27.7960925404169	
27.8764549368561	
27.6898708389458	
27.5909085149802	
27.4581039031879	
27.3907645625382	
27.2882015935076	
27.446039333433	
27.5417709296535	
27.6264079907404	
27.7126188593109	
27.857075517824	
28.1040769341861	
28.0633765837084	
28.1766609942022	
28.3218126121658	
28.6259762095812	
28.8542446004456	
29.1298169241125	
29.2353309349501	
29.1544989933073	
29.4394305688285	
29.647688119817	
29.862418231624	
29.9916019836846	
30.3107723076253	
30.5246614642275	
30.6521888245005	
30.8046732170592	
30.8339528271507	
30.9351806717787	
31.2152120242303	
31.6105370441207	
31.8280513261062	
31.9934387047258	
32.184123042348	
32.5441652441078	
32.7172807455068	
33.0168214337651	
33.3580525875613	
33.6733500979369	
34.1387571729941	
34.5467632331115	
35.1377671411888	
35.78369732758	
36.4471592914366	
37.2730912010941	
38.3629858370494	
39.7516018137645	
41.2968860539734	
43.3381593962764	
46.0306062607096	
49.6361868326524	
55.0418773515023	
63.984624138636	
80.2660203229599	
119.006743954182	
280.799140417439	
1877.24355478524	
1915.40937852512	
1931.19488546995	
1938.65999897036	
1942.31561482595	
1943.32213155017	
1942.19028878208	
1938.55741044096	
1931.2182019985	
1915.56927502637	
1877.35179306388	
1715.73025080509	
119.20692915729	
80.5576167505776	
63.8413287693121	
55.2039944431652	
49.5866833493325	
45.9749993320151	
43.2845153550914	
41.4072691020102	
39.5264959893215	
38.3264275565632	
37.3134623382529	
36.4146918198918	
35.6324846899201	
34.9059442292846	
34.3750634431895	
33.7837246010805	
33.2687054159009	
32.8517300833509	
32.5072345089732	
32.128867139607	
31.9657578049947	
31.8082877907113	
31.5952748249057	
31.2655385751042	
31.2116724221894	
30.9427467653497	
30.7252383016088	
30.5982695099036	
30.4613058014042	
30.2217838889895	
30.0143521250899	
30.0176478648707	
29.7797287945448	
29.5958715463893	
29.3996025082247	
29.2324372857884	
29.1147008820194	
29.0953679201673	
28.8915220311779	
28.7064924997151	
28.5090409975609	
28.4003369261048	
28.3348902721217	
28.0578083730615	
27.9326381544814	
27.8447212791736	
27.9160599921461	
27.8855463454999	
27.9119434828765	
27.7649208321204	
27.5966228298488	
27.7913901261352	
27.9773921573835	
28.0658332585443	
28.0691463878639	
28.3258950715592	
28.5391793036165	
28.5748308678955	
28.6993958977109	
28.689014997267	
28.6985007154591	
29.0108618383429	
29.3338512811581	
29.5142407362209	
29.6106562035028	
29.7731280512105	
30.1790765354203	
30.3057146016941	
30.5124606379138	
30.8644979367015	
31.129934012374	
31.5331853867024	
31.9929642318924	
32.5774711181516	
33.1812687633223	
33.7320345844865	
34.5993493475087	
35.7051563608647	
36.9951913742576	
38.5647153634234	
40.6442015938196	
43.2839807383633	
46.898704084457	
52.3153741998158	
61.2134762396365	
77.4504323377948	
116.17130067112	
278.006561090759	
1874.36445938108	
1912.49907199748	
1928.32055893023	
1935.77222272029	
1939.38596167015	
1940.39652477651	
1939.3141153877	
1935.73975589502	
1928.31408909333	
1912.69689524866	
1874.47126610053	
1712.79137499987	
116.199055400677	
77.5277280603399	
60.8798867249542	
52.2301987223886	
46.5490389146339	
42.9143454678888	
40.231295098026	
38.2974324634618	
36.3639319079265	
35.1739953147529	
34.065122424066	
33.1650443630212	
32.4033371519494	
31.7522639700498	
31.1277940451846	
30.4853231512033	
30.0182068133943	
29.6430955901435	
29.2437629173637	
28.8593288339418	
28.6431193191168	
28.4935960104689	
28.3506546954361	
28.0125482433336	
27.8530231784848	
27.6420512275345	
27.3362814581344	
27.1730092045968	
27.0700258751685	
26.7759444915886	
26.6236325554099	
26.636676172526	
26.4361742371645	
26.1508043600317	
25.9531451265403	
25.7806901268582	
25.6528161485824	
25.5879577361918	
25.2926739575054	
25.0343039652873	
24.8413688596399	
24.7336894925419	
24.6414594459572	
24.4324579997277	
24.316925727106	
24.2380024015897	
24.2751388480253	
24.1934569570683	
24.091293010557	
23.994521685439	
23.9178067726454	
24.148078646429	
24.2513616317702	
24.1782712491699	
24.3122638692519	
24.5296955405275	
24.6746749565762	
24.7345637344907	
24.7711957459985	
24.7993929898658	
24.7774591029473	
25.0674627203218	
25.2874090293425	
25.5052918471476	
25.5548787635134	
25.769322179073	
26.1057431145679	
26.2308040422929	
26.4459934008484	
26.8342271322609	
27.1772981363851	
27.6682910986264	
28.2462000107206	
28.9347886965402	
29.5310952736781	
30.1941510447851	
31.2266362339872	
32.591123279344	
34.2324517410695	
36.2887011564486	
38.942871769503	
42.5593750060347	
47.9900589233593	
56.9018030833262	
73.2682025236284	
112.077731606772	
273.990143315516	
1870.55907298559	
1908.80833148906	
1924.93231550794	
1932.68733569961	
1936.73812088954	
1938.32488626503	
1938.26287631399	
1936.43710262755	
1932.53107805093	
1924.41190304541	
1908.69303632857	
1870.11890027472	
1708.09183617912	
111.425196423447	
72.6591325984742	
55.931492604941	
46.8807589975091	
41.1364606881038	
37.3939027171972	
34.6265550031352	
32.4138498023956	
30.5598509024558	
29.1680036743369	
28.0478759544313	
27.0475553891194	
26.2073453266586	
25.6152073346241	
24.7728899429652	
24.0636611791396	
23.6591327224987	
23.1697785912518	
22.6443799367959	
22.3145911337609	
22.0244408685156	
21.8444213875736	
21.5554024500398	
21.0824236354485	
20.790491956924	
20.4722368246843	
20.0751171481739	
19.8216109737571	
19.6219879097658	
19.1892131729699	
19.0980676887096	
18.9377906078414	
18.5813049846074	
18.2052700934812	
17.9831886209657	
17.7516302282546	
17.4907154596144	
17.3312634546946	
16.9965105499946	
16.6363328664782	
16.4009796920626	
16.296654689401	
15.9896903967499	
15.6907420107473	
15.5681039953963	
15.4192296669535	
15.2277633843553	
15.0231798962417	
14.7062757098955	
14.5227320690001	
14.4272968396995	
14.4700314386125	
14.2910378239933	
14.0539470072422	
14.101738966433	
13.9798202858255	
13.9378593489797	
13.8657509515841	
13.6863929845111	
13.5549400544313	
13.4705650013149	
13.5222045209344	
13.5193350259809	
13.4877657952387	
13.2774323869855	
13.2937749757206	
13.264397736692	
13.1895625195398	
13.086737857296	
13.0376308218795	
12.9437543578882	
12.9832102088353	
13.0260061878203	
13.0216599528452	
12.9652287106387	
12.9836239910399	
13.1144935767867	
13.3465870015066	
13.5625709181689	
14.068055860776	
14.5845041670003	
15.5451682276137	
17.361196715467	
20.8091916765841	
28.3283737416642	
50.7788959246222	
173.974260546765	
