1882.26005892412	
1920.94031150449	
1937.40343404578	
1945.49116788197	
1949.83213155786	
1951.80459639562	
1951.96085086294	
1950.4081674417	
1946.71503435233	
1939.17395046269	
1923.89400193691	
1885.85556262886	
1724.27416377921	
127.821125398223	
89.4641899455544	
73.103289899437	
64.6471414151183	
59.3563670360538	
56.1158277017728	
53.8869756305767	
52.0909745358034	
50.6087358484857	
49.6350701726012	
48.9329308675122	
48.3146958118256	
48.0256220843061	
47.7042368164474	
47.4130289576939	
47.0390217803574	
47.0465712247623	
46.9975059943707	
47.0539150158837	
47.2472977883583	
47.53035930145	
47.8798495474252	
48.2274041290875	
48.680243052628	
49.3394390258407	
50.078889517902	
50.7901766117607	
51.847160651566	
53.1974771933754	
54.737436599013	
56.8068970965956	
59.5579387076977	
63.1180855260942	
68.6175210567852	
77.5508407635361	
93.8968712837205	
132.657873513188	
294.723536670193	
1891.24197712324	
1929.66503625105	
1945.70297680373	
1953.36427494978	
1957.28303665954	
1958.27290340363	
1957.40976306234	
1954.0457435861	
1946.96359365993	
1931.6591517435	
1893.76495360713	
1732.29903259778	
135.809748652323	
97.489683723676	
81.0810957503815	
72.7544295768099	
67.3342555076339	
64.1331834880386	
61.8741096267112	
60.1963652612222	
58.519676222948	
57.5333361890545	
56.5930201105261	
56.0838308525381	
55.8309677599269	
55.3244195945671	
55.054186114755	
54.6801384640409	
54.5400919218609	
54.4397596402181	
54.4927311701905	
54.4777823345087	
54.7941730526721	
55.0092678119152	
55.5548844607199	
55.9480140116855	
56.5446615068115	
57.0423535454765	
57.7785447029056	
58.8187178093804	
60.093934196723	
61.6250461133285	
63.5548917491427	
66.3748929051936	
69.8921663063295	
75.3195991461895	
84.2112067284178	
100.487174264934	
139.229138505099	
301.279395268313	
1897.79709102014	
1936.08686217084	
1952.0182959392	
1959.73060314235	
1963.59986909598	
1964.61606853408	
1963.64620673942	
1960.34577074002	
1953.18646772805	
1937.77801881336	
1899.94010092027	
1738.47894004883	
141.864398945589	
103.60090489508	
87.2171078497624	
78.8431673463522	
73.2983793308498	
70.1009247593834	
67.7691514819426	
66.100864478167	
64.4017858010133	
63.420457545425	
62.4490563264329	
61.8259557771845	
61.5062902320226	
61.1108701798263	
60.6994240835331	
60.3163901702283	
60.2580461586576	
60.1224653635974	
60.1733675905802	
60.1853846373273	
60.4961006879393	
60.7757770995333	
61.1823736856315	
61.6001586496126	
62.1833569268398	
62.635642222994	
63.2875215398236	
64.3574943435995	
65.6460290218697	
66.9935349758354	
69.0183341014963	
71.8193915717531	
75.295212899592	
80.5777971298406	
89.4380786671159	
105.66099138586	
144.322508040547	
306.415653077383	
1902.83506129286	
1941.06860773133	
1956.96033502204	
1964.68228335911	
1968.5337235076	
1969.57605625734	
1968.65537090513	
1965.29865726741	
1958.19748035442	
1942.79733082052	
1904.82720595729	
1743.36880826695	
146.780034116892	
108.567873100076	
92.1490987678941	
83.6173911157848	
78.2915393018739	
75.0647561163769	
72.6711878440705	
70.9990147602204	
69.3084805419262	
68.2652550708014	
67.350908803491	
66.8162849562277	
66.4005847047988	
66.0803716402063	
65.6736708473765	
65.3302907500523	
65.358265441721	
65.2381957980665	
65.2057240924815	
65.2574699955774	
65.5146168343213	
65.9501471722257	
66.3228681961196	
66.8188731057581	
67.5216214843653	
68.0936967988091	
68.9057082832832	
70.247469264385	
71.9734453879129	
73.7347115911192	
76.3150492130446	
80.1911857287799	
85.467659023283	
94.2696522950625	
110.691100728795	
149.465487648546	
311.309308742113	
1908.01275499812	
1946.46562421508	
1962.67933265074	
1970.52303770095	
1974.878424332	
1976.69494723632	
1976.70929439029	
1975.0413542269	
1971.37697497885	
1963.7383445768	
1948.21684422696	
1909.95932429513	
1748.24124521427	
151.652055550392	
113.312749415728	
96.7968731922374	
88.0124914809235	
82.6057798798298	
79.2390685840269	
76.8262646881255	
74.9244474024836	
73.2531950643688	
72.0841339796566	
71.2301437064232	
70.5786510429272	
70.1110150210297	
69.8169747588558	
69.2500214415432	
68.8379850848785	
68.8579679554048	
68.6694680088738	
68.519190662244	
68.7174074421173	
68.8812327030136	
69.2960584596939	
69.5961860825467	
70.0064794125875	
70.5964848876186	
71.1430723975043	
71.9176746496336	
73.1981857542439	
74.815839903361	
76.5461463153312	
79.1779345031682	
82.8426920875754	
88.0890797987709	
96.8356360161259	
113.183294685149	
151.828377258488	
313.609168860944	
1910.1563038787	
1948.23578041638	
1964.22988657652	
1971.85067788481	
1975.90250458108	
1977.40937522917	
1977.11381806345	
1975.26613659052	
1971.34098719873	
1963.40220223642	
1947.70276723601	
1909.11075093083	
1747.10934368298	
150.480943874484	
112.031862343886	
95.4758755808269	
86.6014167691854	
81.1153371958054	
77.6373029119839	
75.2041044042656	
73.1861278139857	
71.3879714842491	
70.15287493903	
69.2908433385405	
68.6720562181681	
68.2021946657566	
67.8077848504596	
67.1122533772127	
66.6908279401509	
66.6993120037224	
66.4998134506312	
66.2996584962893	
66.4552259003799	
66.5273161092419	
66.9065992242333	
67.282478056717	
67.5798536459049	
68.1159193614722	
68.6712075958373	
69.4665683327947	
70.7382910582952	
72.2374852124391	
74.0513153442375	
76.6548929712615	
80.2944292376866	
85.5435046140822	
94.2663944115632	
110.597891109707	
149.22411501162	
311.013293497612	
1907.51558234788	
1945.56592707163	
1961.46726179858	
1969.10240677916	
1973.15010305304	
1974.59614240435	
1974.31136785173	
1972.46349859819	
1968.5542789406	
1960.57338819301	
1944.84050395009	
1906.22912113466	
1744.17637417103	
147.48416119958	
109.045888655394	
92.3599151019499	
83.4875746595052	
77.9783462328966	
74.4399741734788	
71.9723190898352	
69.9868633129183	
68.0369603176054	
66.891160977683	
65.9644049873963	
65.2428393094635	
64.8707489858396	
64.4149832028939	
63.6529049835212	
63.2761815319333	
63.2028711135616	
62.9866882895039	
62.8015414292228	
62.8957924213937	
62.9966864081126	
63.2748959445698	
63.6936694822195	
63.9966599548875	
64.4098256405718	
65.002237162498	
65.7636785609617	
66.9724611572279	
68.3604681575306	
70.2166010494041	
72.8104151978957	
76.3607450045405	
81.6797596629252	
90.3138217529943	
106.601809928383	
145.234557642583	
306.969267314383	
1903.41279578906	
1941.34074310441	
1957.3100364787	
1964.89126031883	
1968.85000151225	
1970.38643876443	
1970.10965445775	
1968.20533320941	
1964.29697211133	
1956.26181713492	
1940.47985961611	
1901.7689592915	
1739.72874556966	
143.087100160164	
104.632076256273	
87.8969232386913	
78.9538381429317	
73.4551716071598	
69.9267475075566	
67.3568728947812	
65.345512746512	
63.3565570191308	
62.1454748136467	
61.1594795659034	
60.399060802487	
59.9442651469034	
59.4379838507884	
58.7072504248971	
58.2882231781255	
58.1072282643582	
57.777282688137	
57.5708892413728	
57.6285107093386	
57.7686287507683	
58.0108032515673	
58.4729319609196	
58.7325195990884	
59.1080352921051	
59.5781526948188	
60.3181096167143	
61.4865346898019	
62.92336447425	
64.7025768111964	
67.2605859351333	
70.8044925420474	
76.0033483722581	
84.6252836042061	
100.824019651628	
139.439729970249	
301.144839888692	
1897.62057139572	
1935.60519754948	
1951.49631525332	
1959.01902765284	
1963.03931302067	
1964.4526283668	
1964.13336924783	
1962.17307257761	
1958.25192094025	
1950.07294121951	
1934.24540583881	
1895.54758587391	
1733.40325822222	
136.7224660021	
98.1852092050026	
81.3719148282928	
72.3761443540441	
66.7789565448621	
63.1682009150834	
60.4688287379462	
58.406025589046	
56.4401462193781	
55.079224859136	
54.048862505776	
53.2360625155885	
52.7747503153949	
52.2472240633566	
51.4201703407729	
50.9457013773291	
50.8005982485854	
50.4215619857806	
50.1867069176633	
50.1787565075871	
50.2694790018989	
50.5120773984937	
50.8116448428264	
50.8789611338298	
51.1971200805314	
51.664723840493	
52.2843039212086	
53.351579736252	
54.6798567109025	
56.3687321318065	
58.8809623858024	
62.3155762989991	
67.387137489324	
75.856568546329	
91.9898742941573	
130.570370305962	
292.239845777372	
1888.49253455161	
1926.41799898096	
1942.22063751327	
1949.68970058075	
1953.63141615133	
1954.91056182211	
1954.5718633833	
1952.56409616312	
1948.4513796007	
1940.2253419674	
1924.22799619223	
1885.32544705722	
1723.11801402407	
126.344516287656	
87.6752846621462	
70.5505944657757	
61.333646007254	
55.7234599567956	
51.7940130191232	
48.9165795987938	
46.7176864170566	
44.5945051658742	
43.1316856743359	
41.9804307583042	
40.9042133902149	
40.1754226276925	
39.3612151332393	
38.3933819899823	
37.7741750647652	
37.2557404824545	
36.5944660823288	
36.0168804653652	
35.6133210663352	
35.2756521764753	
35.0254245234673	
34.7234598338029	
34.295355020909	
33.961997635897	
33.606982869472	
33.3753903757273	
33.3535825363159	
33.2731904863736	
33.3859944782237	
33.7669035840144	
34.5028160404111	
35.9252942781107	
39.0210658781498	
46.2949388836971	
68.4879938037951	
191.392433443226	
