1870.2469694927	
1908.66112118891	
1924.90253140356	
1932.90974460141	
1937.09868930061	
1938.76418990487	
1938.87787033826	
1937.19449482573	
1933.27545198358	
1925.37682295834	
1909.7728173139	
1871.29703590138	
1709.42852193961	
112.866679553971	
74.3940345434623	
57.7688927724248	
48.8956496529151	
43.5295700892468	
40.0121723463346	
37.5974881551472	
35.6158611897174	
34.0516722423225	
33.0288389387845	
32.2350494964955	
31.5404093590316	
31.0988746913237	
30.7065667081126	
30.175851470407	
29.7095532334175	
29.5052008805442	
29.1226241976989	
28.7918025564383	
28.6924191008066	
28.6788140106429	
28.6009348465091	
28.4631257870554	
28.2815735146689	
28.1427276994836	
27.9718620146272	
27.8475515973877	
27.7689560382157	
27.6355469039553	
27.6499626485771	
27.6794838746891	
27.6651181471929	
27.6162528047812	
27.6590489144417	
27.7746355963242	
27.9355294876164	
27.9473455242055	
28.0990654113741	
28.1783153939475	
28.3685148220773	
28.6034193007255	
28.7144154156726	
29.0262346023464	
29.0765806297596	
29.1745678757882	
29.3275599798594	
29.3886113498058	
29.3915321407183	
29.571271912663	
29.7868190028205	
30.0547048718271	
30.2585204321302	
30.3765442041572	
30.6530430192276	
30.8579692357811	
31.1090486515445	
31.5125747840907	
31.9344281894878	
32.2352609140593	
32.7809789422517	
33.2533695953917	
33.9285589604566	
34.715205222582	
35.6114813993521	
36.6662753923929	
37.9607445765867	
39.4983033563377	
41.635003712689	
44.2913903467877	
47.8877682463359	
53.3280722658625	
62.2416693433325	
78.7641954895649	
117.456800736156	
279.273472757257	
1875.58484104933	
1913.773956878	
1929.72943916192	
1937.22858874922	
1940.91317416388	
1941.95401153168	
1940.90863262797	
1937.38917069171	
1929.87279730186	
1914.34389603019	
1876.0970929319	
1714.50898926429	
117.845757587668	
79.2983829504348	
62.6697906063939	
53.9981675051017	
48.5011966817563	
45.0414852531546	
42.5777949895728	
40.7458612508786	
39.1271084807049	
38.0633393261871	
37.0688275143816	
36.4823087778275	
36.0871087065077	
35.6514907000687	
35.2588581133271	
34.7467420872718	
34.4739157888883	
34.1289487549067	
33.7912956561282	
33.4249357240498	
33.4990469246748	
33.3967952179699	
33.3669984432109	
33.1537599078415	
32.9941088827656	
32.7979494927902	
32.6559573546363	
32.471828451495	
32.4794354062502	
32.3164352277428	
32.3329586289289	
32.4752571643526	
32.3259696820562	
32.3409158123374	
32.3464925441804	
32.5074324248995	
32.5863622731348	
32.6620312434662	
32.7169463186294	
32.7644724529266	
33.0214544375642	
33.2118227467853	
33.2781998536838	
33.4405967867578	
33.5024312206275	
33.5642674872369	
33.6232041201513	
33.4893972332458	
33.5969756840908	
33.7424066669338	
33.9170804114034	
34.0875528222083	
34.2449298536123	
34.3050029357735	
34.561434109508	
34.7964775482914	
35.1338717065204	
35.4615763103808	
35.782953738887	
36.217642809125	
36.6379656056279	
37.1140424876206	
37.7509640048463	
38.5371204076152	
39.4276510381985	
40.4076021222984	
41.62563577139	
43.31115039386	
45.4240936826611	
48.0121938798468	
51.6058123250156	
57.1723447611627	
65.9594890969815	
82.4529450375108	
121.169260740548	
282.910689815439	
1879.23546748965	
1917.44619863246	
1933.50670827739	
1941.0090047793	
1944.53950803856	
1945.54324043992	
1944.48895202077	
1940.79400149489	
1933.40459105147	
1917.71493327688	
1879.4579582654	
1717.86490861055	
121.21417600404	
82.7007464600442	
65.9758175605571	
57.3051842597453	
51.8396122555675	
48.3680712662311	
45.906847740604	
44.0282029005299	
42.3873133839512	
41.3743700602117	
40.4221867954812	
39.779313330624	
39.3198716976039	
38.8744094573749	
38.493381273892	
37.9727417326811	
37.6350693013253	
37.2521793699481	
36.932785573587	
36.6088086410567	
36.6458893191826	
36.506190789653	
36.3948166733734	
36.1856057314957	
36.0057126463318	
35.8800864156282	
35.6600239006588	
35.4536391063071	
35.3444423735699	
35.3294532489873	
35.1915055120515	
35.231086690589	
35.1241246288636	
35.1473842646305	
35.1002270788099	
35.2299687428882	
35.2395064521308	
35.2581907945459	
35.3099930602598	
35.5052738649939	
35.6964666384849	
35.6396172407633	
35.9218421339575	
35.9526403077546	
35.9412196976946	
35.9769029181743	
36.0254008392787	
35.9061305325661	
35.9977232954654	
36.1609587556236	
36.2422358648861	
36.3625285929035	
36.4197955415571	
36.6705862366368	
36.7882261156282	
36.9875921607493	
37.3122927976411	
37.6376600264493	
37.8952765984105	
38.3666465853332	
38.6967144501741	
39.2673531913418	
39.7827425252675	
40.5575036975633	
41.4231899311571	
42.4805561184601	
43.8973780396945	
45.8637010609951	
48.378579480853	
51.8441033787627	
57.1461273060956	
65.9478797909489	
82.2446585527115	
120.983985040137	
282.696082793241	
1878.98813516701	
1917.08420869912	
1933.08431189826	
1940.66947048511	
1944.23840690534	
1945.24342347344	
1944.16649586441	
1940.57500609208	
1933.04810707337	
1917.47424124042	
1879.13159972606	
1717.52938948056	
120.888703958267	
82.2660455605026	
65.5175051152438	
56.6492489058343	
51.0070796209577	
47.4324309713349	
44.8140662675089	
42.8816182990861	
41.0693965480338	
39.8733748345204	
38.7455382380067	
37.9584620600196	
37.3197494953727	
36.8046916426556	
36.3072121037858	
35.857002196046	
35.4025909100091	
34.9990032279869	
34.5690506491131	
34.1136652712455	
34.0580262202267	
33.9706772414012	
33.8076762455448	
33.5203451706809	
33.4013950520128	
33.0848936843934	
32.8967508184416	
32.6754126551444	
32.5565868033092	
32.3856300835834	
32.350443616755	
32.3506561012363	
32.1411861085503	
31.9942753450724	
32.0189148562905	
32.1231500048365	
32.1322061174705	
32.1870321378636	
32.1377857657638	
32.1035921422423	
32.3989397646308	
32.5751293762059	
32.5762254426988	
32.6876936626075	
32.7298992553689	
32.7244024903106	
32.7719919376587	
32.5978511768816	
32.6152415068387	
32.7263554149721	
32.8361029208346	
32.990384202249	
32.9818717634292	
33.0187102501548	
33.2647886024043	
33.3592477420847	
33.666394278767	
33.9666744765341	
34.1776904934568	
34.5435716377689	
34.8910863925085	
35.2800632121361	
35.7797552995517	
36.363845418062	
37.0348692680963	
37.8629228671135	
38.9004095172439	
40.3638123522298	
42.2810829883091	
44.7623812825025	
48.182983582087	
53.6114242029935	
62.2753081008915	
78.5850937597423	
117.253161659185	
279.002252143353	
1875.36021088344	
1913.51568894871	
1929.51696037172	
1937.03419997391	
1940.59123902443	
1941.54560207634	
1940.49087978698	
1936.75235943008	
1929.33080330024	
1913.67535532647	
1875.40861471896	
1713.72462526857	
117.005269196692	
78.3698114043155	
61.4994247403759	
52.6431596502618	
47.0765217210938	
43.4844553789733	
40.8135719559199	
38.8542304680172	
37.0528327059695	
35.8281746048109	
34.6857220405376	
33.8733338830097	
33.2406640493842	
32.5684091518049	
32.1424901933757	
31.5833172613916	
31.1000395650139	
30.6454314634143	
30.2764832585523	
29.8696336171711	
29.8025836360037	
29.5529264983008	
29.4119242936372	
29.1307863367237	
28.9343231967281	
28.7617615259085	
28.4500059742846	
28.212797766905	
28.051923961016	
27.9611197866033	
27.7584308636419	
27.7748489027297	
27.5018724686687	
27.4812755966756	
27.3846738646643	
27.3905295495954	
27.343114684803	
27.2647662155051	
27.2882528195699	
27.4500778014388	
27.5770241387294	
27.4488190423765	
27.6616953094671	
27.6135247562731	
27.5993043278288	
27.6000893218488	
27.6020396229938	
27.5202936850814	
27.6113389896249	
27.6647858293732	
27.6340126617292	
27.7013260107675	
27.7283103998636	
27.9531291473822	
28.0231857142376	
28.2383689540619	
28.5354099919157	
28.7775446922245	
29.0369890745415	
29.4236820961322	
29.7153988112455	
30.2407730966397	
30.8780189227124	
31.5370285603165	
32.3467103328457	
33.390124454622	
34.778239848818	
36.5941528833655	
39.0474782473614	
42.4644288391787	
47.6847902538091	
56.3541300097781	
72.5646778525087	
111.280554384454	
272.922092832012	
1869.1397292193	
1907.18020274174	
1923.08530823203	
1930.55182611084	
1934.04264578751	
1934.95907829105	
1933.7912138788	
1930.07474466773	
1922.53221165496	
1906.89300507338	
1868.4609303311	
1706.74988760049	
110.081287464797	
71.3808082102185	
54.5067985142061	
45.6092080922483	
40.0026683611562	
36.358029354979	
33.6275611296268	
31.6685965593121	
29.7727772760147	
28.4981399521601	
27.2679734073671	
26.342808211187	
25.5420316584011	
24.8478404547488	
24.2788257093829	
23.7243487370428	
23.146152446499	
22.643085722187	
22.2172952782292	
21.6464205343682	
21.4444809204987	
21.1808738434779	
20.9311361322311	
20.588166636616	
20.3959379621195	
20.0384995487781	
19.7372055067099	
19.3993330907117	
19.170678720781	
18.9300678184332	
18.7234473581764	
18.6598388419998	
18.3572613990885	
18.096334059873	
17.9464844771236	
17.7922998947395	
17.5906777691256	
17.5197004544123	
17.337952690493	
17.1739486146435	
17.1689641577445	
17.0501649588636	
16.9023280278909	
16.6872713602447	
16.5614338225353	
16.4322616268969	
16.2937493768596	
16.0922953125331	
15.9316441460673	
15.6912759339578	
