1865.3482883227	
1903.81105685727	
1920.07546675258	
1928.08133427038	
1932.38411699083	
1934.23306015256	
1934.37218277383	
1932.7196609974	
1928.91118452484	
1921.04560628904	
1905.45350510564	
1867.15450127769	
1705.43423738314	
108.950172577404	
70.3476138607365	
53.6530959169838	
44.7762369038257	
39.2994653233319	
35.7022356157696	
33.1799653324701	
31.1851561698587	
29.4844050502574	
28.3622119951361	
27.2988577147992	
26.3310987445357	
25.5936765939624	
25.1002956356731	
24.5225576112416	
23.9208387548939	
23.4907400962799	
23.141467107401	
22.7748155430698	
22.4704909902423	
22.3577340492847	
22.2515878911116	
22.0758166908814	
21.8022025869858	
21.678743813252	
21.5206061999526	
21.2710558103403	
21.0970648121024	
21.0774434011812	
20.9222543583048	
20.8861408951287	
20.8906461859724	
20.7342143594596	
20.5766957646365	
20.5691891628352	
20.599488749302	
20.4940947093415	
20.4865534016995	
20.4398530692194	
20.5180865155466	
20.4612891847541	
20.3992371218335	
20.4493113609093	
20.2837231014704	
20.27495991519	
20.3280610391191	
20.2544434126182	
20.2292918345623	
20.261475567113	
20.2753598782233	
20.3300510840115	
20.394808290283	
20.4086450580267	
20.4228883464675	
20.4427096055047	
20.4281425114982	
20.5069597523184	
20.5861256932693	
20.606902672571	
20.5427625619132	
20.5180932535132	
20.5874790262323	
20.6868697609591	
20.6552864440936	
20.6397019633263	
20.6833798254611	
20.5925790434505	
20.657647981428	
20.675796409927	
20.6469426274611	
20.6913608969225	
20.8189405480258	
21.0332128338928	
21.0959548921758	
21.1076575924568	
21.0689702782199	
21.2129112064476	
21.4752836347549	
21.6148235877919	
21.6902569839568	
21.9204161580237	
22.0833973186032	
22.1576426969613	
22.297682746262	
22.4228183639514	
22.4814534666077	
22.777369120169	
23.0873380577405	
23.3221462051462	
23.3985415915145	
23.5111571503279	
23.8806161507257	
24.0468463103998	
24.3641396949091	
24.7359249779903	
25.1371271123093	
25.6088958239387	
26.1531153309991	
26.6731255537407	
27.2945587878821	
27.9946692498673	
28.9602821582569	
30.0396265479881	
31.3915670484707	
32.981088565039	
35.0186244480739	
37.6403888539366	
41.3183796722047	
46.6989144323349	
55.556603482158	
72.0326161902192	
110.775385567899	
272.688266982198	
1869.16158994492	
1907.28521808194	
1923.35212769527	
1931.02046740203	
1934.8162455273	
1936.00324872442	
1935.05646996979	
1931.57055961551	
1924.24345829381	
1908.67398419671	
1870.60247508916	
1709.13211031755	
112.599836985412	
74.0470377716641	
57.4359253153721	
48.6831113589762	
43.1201571490631	
39.6244982928861	
37.0193061425949	
35.1748845166439	
33.3474164335676	
32.2322593295628	
31.0342117753882	
30.1121441197581	
29.3509131544182	
28.716849474587	
28.1924318270979	
27.5967348728243	
27.1450536341252	
26.8474028759515	
26.532170562489	
26.0730113040858	
25.9989644255101	
25.8735765415309	
25.7423064248389	
25.4449562905142	
25.3642840286678	
25.151155608443	
24.9282870644251	
24.6540252007194	
24.6098878887719	
24.5310624451749	
24.3906399704698	
24.4796199777063	
24.3095351107874	
24.0864587702399	
24.013511423454	
24.091992683756	
23.9697498332257	
23.9486598214513	
23.9271734356397	
23.9774453779237	
23.9564385819886	
23.8721499940328	
23.8821282570149	
23.701193416023	
23.6021186103417	
23.5746102849649	
23.5347866096423	
23.4136787031032	
23.4392982720899	
23.4836621376851	
23.4018744289738	
23.5023281615918	
23.4941146949696	
23.4740934818667	
23.4671054131863	
23.4575067186251	
23.5255090148248	
23.5792294305856	
23.6283396874674	
23.565634323278	
23.5035936449744	
23.5081519730993	
23.5227049904217	
23.573633294487	
23.61648881175	
23.623403793173	
23.5377413855231	
23.562592729455	
23.5767885490642	
23.5268865033746	
23.5707502566214	
23.7653243719465	
23.8261220378674	
23.9859398495918	
23.9864383385179	
23.9392709725475	
23.9998737878694	
24.1927610995714	
24.4097769591804	
24.3785691831904	
24.6032128354651	
24.682306253753	
24.729441043419	
24.8435362782653	
24.9154753448316	
24.961985049164	
25.2222921885878	
25.5590653473677	
25.7200115816227	
25.7896209904465	
25.8791895653543	
26.1636246413806	
26.3308424980226	
26.598720126981	
26.994673854136	
27.3430737531428	
27.7998320257391	
28.3371721240346	
28.7599084265968	
29.3271309225905	
30.0332270893084	
30.9257517218919	
32.0264560738295	
33.3068222336967	
34.846130602947	
36.8411538104601	
39.3932954360089	
42.9683607428826	
48.3096133277744	
57.015687940606	
73.3951717141208	
112.142834970791	
273.801630847955	
1870.06944978953	
1908.00303794535	
1923.72230908784	
1931.12230122265	
1934.66459739791	
1935.56307273865	
1934.36788270931	
1930.59252562633	
1923.0862540661	
1907.25381336423	
1868.90702913318	
1707.20735602731	
110.554190683184	
71.907187678619	
55.259626603274	
46.5133016177406	
40.8313564229533	
37.2107264832205	
34.5679351653512	
32.6329274348335	
30.7664002653277	
29.5919679400977	
28.3610158273492	
27.4305552677803	
26.6090121657476	
25.9546703046991	
25.3176796890493	
24.7039817134772	
24.316982095662	
23.9188968088894	
23.5522809667884	
23.085454924105	
22.9342413708184	
22.7978531373475	
22.6386834360303	
22.3217254175587	
22.2348320405018	
21.9916243559811	
21.7367834461293	
21.5019783785093	
21.3771710794094	
21.2546232145757	
21.1293780098428	
21.2188536834896	
21.0121528927625	
20.8092017528584	
20.6908664847683	
20.6991169758918	
20.6398637576716	
20.5899911923294	
20.5853108226971	
20.5435281009377	
20.5051334958394	
20.4296119974531	
20.4185215732161	
20.2481012922137	
20.1839343657374	
20.1278022305545	
20.1062061547173	
19.991676697052	
19.9699979339716	
19.9340419991809	
19.8381663007019	
19.9138955343655	
19.881810893162	
19.8228888702278	
19.8392407088375	
19.7658005179207	
19.7872275547044	
19.8436837862379	
19.8468695577319	
19.7578039125442	
19.6291638976497	
19.6382307124634	
19.6871353148493	
19.6684907133217	
19.7146591779333	
19.7305021486661	
19.592337676688	
19.6388536752424	
19.6035416575065	
19.569359598023	
19.5418956540629	
19.7035822916023	
19.8293526860502	
19.9723958325718	
19.9058659405612	
19.8247429459755	
19.8485398344224	
20.0578559046094	
20.2153495963199	
20.1900522310283	
20.4163053429302	
20.4733234943954	
20.5015203262386	
20.5673885728743	
20.6214957868	
20.6247464900179	
20.889896528775	
21.1461970086653	
21.2418752729112	
21.2697490609763	
21.3677795822009	
21.6356590651273	
21.8190082322323	
22.1044087492908	
22.4703347839229	
22.7822150928968	
23.2127333355368	
23.717207463686	
24.1413292806495	
24.6885169010519	
25.4513054214668	
26.2911588669299	
27.3636961412269	
28.6087040764536	
30.1293398933705	
32.1083342359304	
34.6354665640742	
38.1710687936516	
43.4796762721983	
52.1765147145339	
68.4855704721132	
107.180423114842	
268.868509973399	
1865.10230576633	
1903.04208450365	
1918.72247390568	
1926.03477816389	
1929.49374291312	
1930.35316505695	
1929.16813189607	
1925.39324041645	
1917.85342412012	
1902.09552076365	
1863.70500456992	
1701.92648207699	
105.18465392908	
66.5237155206956	
49.8505499051419	
41.0859994909898	
35.3848556701348	
31.7604146190234	
29.051936665271	
27.0571153593711	
25.1738521673758	
23.9056575739881	
22.657284912786	
21.7465886129825	
20.9874275280348	
20.2502592474252	
19.5791762000172	
18.9449649566354	
18.5540981813726	
18.0731925116952	
17.6693641229016	
17.1836887927176	
17.0061391773602	
16.743372487119	
16.5675317335769	
16.2375777986709	
16.0459755480299	
15.7449557801849	
15.4375073917021	
15.1563985665454	
14.9205436149267	
14.7182994118465	
14.5500241171379	
14.5589203936017	
14.2701506050933	
14.0880819929492	
13.8819401650431	
13.7967283648833	
13.7035900420494	
13.6271072712848	
13.5963483586449	
13.4530808219894	
13.4120822431282	
13.3798738736539	
13.3105441904025	
13.0820085266726	
12.9714215943416	
12.8777730026677	
12.8115117984868	
12.6249805591592	
12.4787317302013	
12.353839226315	
12.1647892623378	
12.1690576628312	
12.0538459624122	
11.8942413731847	
11.8041716326947	
11.7199216973987	
11.6571323031599	
11.5817242305239	
11.4519710255718	
11.3174891615822	
11.1642747979391	
11.0914530939674	
11.0523197766699	
10.9739453285369	
10.9339121372993	
10.8813073618577	
10.7098014573073	
10.6062106986226	
10.5451296710903	
10.4618487053084	
10.3577203607166	
10.3684049183651	
10.318756669221	
10.3032308612366	
10.1716551316661	
9.99205389390727	
9.87984974851634	
9.82771547988639	
9.77790823773532	
9.68700930101009	
9.62579072227172	
9.50460887479901	
9.40866467269948	
9.32197595806223	
9.27423252303358	
9.14317369250785	
9.1356909980767	
9.11820852634619	
8.9985856146403	
8.83674462174279	
8.75799712893044	
8.70149421605915	
8.63370098680973	
8.56453682240339	
8.5378993176123	
8.43328183450875	
8.3983581632063	
8.34045147050174	
8.22430333149963	
8.11790792729889	
8.10774455546247	
8.05915629222114	
8.02812536687748	
7.91915234808711	
7.79920064219616	
7.70844639057558	
7.58757058459694	
7.48705812592004	
7.36186752551683	
7.21758266866157	
7.15166265250263	
7.08556217126124	
