1874.17866839166	
1912.69313937172	
1929.0455352976	
1936.9249558232	
1941.05160940853	
1942.76647205041	
1942.83091425488	
1941.19033897303	
1937.34817989072	
1929.4212975507	
1913.88487307001	
1875.58426430293	
1713.73397874194	
117.118113297531	
78.5421366447105	
61.9066195261542	
53.1365023621993	
47.6872981656246	
44.0390922315747	
41.5675429116384	
39.5881908453403	
38.0135267826385	
36.8248528689482	
35.8315445406907	
35.0160370516816	
34.4718337887797	
33.956304676318	
33.4024031713662	
32.8633182077425	
32.6103130441946	
32.3684693328023	
31.9599136416181	
31.6494952987249	
31.5101084359844	
31.4615024891283	
31.3266071166004	
31.3079548928317	
31.2438974079614	
31.2144152298369	
31.0604540535478	
31.1325459634219	
31.2209426338624	
31.112115265881	
31.3549797051696	
31.5258715369184	
31.4911572331761	
31.5341549598843	
31.6675088090029	
31.7811699863937	
31.8504373595591	
32.0396788113595	
32.2991649486682	
32.5685120915899	
32.8817329902687	
33.2959676002054	
33.7211976373717	
34.0476862599583	
34.6095575094064	
35.1778828770667	
35.8237423779399	
36.4548860099695	
37.0546000073557	
37.8942109294634	
38.7746703493351	
39.8150461344955	
40.9655342150132	
42.4308441101242	
44.1345083266237	
46.2930632387447	
49.0694429486107	
52.7908634334207	
58.1296376273373	
67.0630117659175	
83.4704452996445	
122.310306397286	
284.39302562322	
1880.74741729393	
1919.01250190727	
1934.86760921521	
1942.14766540237	
1945.79313707028	
1946.87041357054	
1945.82076044949	
1942.28114366925	
1934.85395523629	
1919.47349651476	
1881.32978060101	
1719.58980776724	
122.886122338709	
84.354326286494	
67.714978782759	
59.056778167326	
53.6003513882173	
49.9912778994014	
47.4377944480277	
45.6662561807824	
43.9855036534472	
42.8905157385326	
41.7065934925525	
41.0035690030637	
40.4002864829979	
39.7457280149511	
39.2128539352632	
38.6520117271556	
38.3814533642636	
38.1299482473895	
37.7472395479126	
37.2489266767921	
37.2095862849148	
37.031944441504	
36.980733669818	
36.8827388370963	
36.8817908699742	
36.7255971255596	
36.6837735348332	
36.7261555367246	
36.7354548257377	
36.5216198496315	
36.6820515336314	
36.905608835386	
36.8515711301576	
36.8222538019873	
36.8605379792519	
37.0271731814138	
37.0628564798361	
37.2029176611861	
37.5414762873602	
37.6378368159566	
37.9408538336879	
38.378875064225	
38.7936685665771	
39.1968912565171	
39.6642792222905	
40.3599635308098	
40.9564770092203	
41.454858738102	
42.1008022479156	
42.9804478107994	
43.6772112502971	
44.7390088513608	
45.9834476394806	
47.3556049563876	
48.949499651248	
51.1320441306473	
53.8716143483979	
57.5346629806078	
62.8558711813913	
71.7353961661643	
88.0455680200107	
126.721232371368	
288.702186026061	
1885.1852080007	
1923.36135236744	
1939.15796474383	
1946.54316622693	
1950.16770197851	
1951.18905974364	
1950.14136736518	
1946.5494464048	
1939.17713487164	
1923.72991815304	
1885.64346640891	
1723.88614009249	
127.138141629694	
88.5255366729496	
71.8025833592714	
63.2520977842075	
57.7234602498866	
54.1842343808386	
51.6185781930224	
49.8295616919623	
48.0665165374202	
46.9156240423174	
45.776604651721	
45.0455757091536	
44.5350679219651	
43.8556466249785	
43.2601972650807	
42.7227749012485	
42.4597874872515	
42.1231931983151	
41.7590367811411	
41.2716305715012	
41.118839094034	
41.0384553167015	
40.8665361523981	
40.5536474540162	
40.5845272972295	
40.5635719899855	
40.5176236520637	
40.5483851980995	
40.423594565386	
40.3666087066655	
40.4511586530925	
40.6399956238434	
40.5759876732144	
40.5425039298269	
40.5313077379181	
40.7449547051057	
40.9178425031745	
40.8604210826387	
41.338652452702	
41.4680017318845	
41.7484246330006	
42.1981763475741	
42.7216163962887	
43.1184965083806	
43.6165925396513	
44.2157896597374	
45.1208218371621	
45.6038738674032	
46.3295475872383	
47.3171505842975	
48.2017710561918	
49.38053157533	
50.8158112902085	
52.6360273604606	
54.687920119664	
57.3719343767227	
61.1095871842229	
66.5716586253019	
75.4016407999807	
91.7992086218655	
130.677849363212	
292.538202829066	
1889.16039010403	
1927.5073236729	
1943.66909855289	
1951.47665422536	
1955.43448465806	
1956.95745813313	
1956.93022272186	
1955.17876814144	
1951.23619091632	
1943.2429467707	
1927.6496299644	
1889.26588936544	
1727.23616887711	
130.373518814829	
91.6943147853648	
74.9023019857503	
65.9911776757799	
60.4403294849432	
56.6909018881187	
54.0719907406652	
51.9888167818692	
50.2531280815999	
48.9213443154663	
47.7339130898272	
46.857946608686	
46.1162008987456	
45.3787399537491	
44.5044192568279	
43.7192558858498	
43.2818857504736	
42.8387196682983	
42.1763165299934	
41.6708046414487	
41.3077532289452	
41.085131636694	
40.7727829562293	
40.4493560932538	
40.2507270518903	
40.2225686786147	
40.0710694893836	
40.1440448047071	
40.0456989224747	
39.8550582927089	
40.0788268211323	
40.1328212950599	
40.0624242289143	
40.0745855891385	
40.051798723145	
40.1816507026708	
40.2968090571791	
40.2947672585359	
40.5023245645938	
40.629168911183	
40.7959512289383	
41.0176829439123	
41.3070615876098	
41.5080300209242	
41.885259104501	
42.3036003970033	
42.8996356573083	
43.2799013314917	
43.5911715729759	
44.2978823243476	
44.9601783800387	
45.8615414272145	
46.9481435979018	
48.3058110726904	
49.7810009756473	
51.7509590530779	
54.4135614573695	
57.9208263867775	
63.0915659290104	
71.8624738902223	
88.1778417003397	
126.869838042314	
288.805666477526	
1885.08271244983	
1923.10111348622	
1938.93535540572	
1946.2550318249	
1949.74727700593	
1950.70393384268	
1949.61852307305	
1945.91083242788	
1938.43158835126	
1923.00544837209	
1884.78419375753	
1722.96390493667	
126.128781150042	
87.5321458438135	
70.7834346514415	
61.9887810777307	
56.4982656569264	
52.8271203731761	
50.1655005217779	
48.2774779746417	
46.4912088688148	
45.2002654097813	
43.9107666144014	
43.1750553290991	
42.4757251759599	
41.6520927679205	
40.8152845877563	
40.0885878149163	
39.6584741302246	
39.1759660066858	
38.6272019616371	
37.9831970271735	
37.701367952883	
37.4579613067353	
37.1722644171409	
36.8343644122628	
36.6662222830191	
36.5534576114192	
36.437592969077	
36.3887950285092	
36.3408114647179	
36.1418637888376	
36.1878138433914	
36.3502123131173	
36.2829392526537	
36.1576916521351	
36.1534014982511	
36.2537031236302	
36.3090231116407	
36.3918605731658	
36.6004453902624	
36.6440859833896	
36.8164653189572	
37.0079136764895	
37.3114385999544	
37.5593540613628	
37.8627345004154	
38.2520889308622	
38.8145611148006	
39.1819837595111	
39.5817532088779	
40.2120585905019	
40.7998955770049	
41.6927027451056	
42.7700490728659	
44.0017518572036	
45.526023492035	
47.5363935667161	
50.1137696335016	
53.653487682051	
58.8194090254032	
67.5572587547944	
83.8086844313569	
122.441092604546	
284.292787993378	
1880.50244354313	
1918.61384389471	
1934.40212984118	
1941.6970591091	
1945.21067616454	
1946.17256801173	
1945.07339766851	
1941.33176022681	
1933.86410227101	
1918.27309237375	
1880.12984078397	
1718.3032676783	
121.488354676554	
82.8202948073491	
66.0167778064763	
57.2759626953879	
51.7465440893577	
48.0819912840445	
45.3351547090509	
43.4131934846278	
41.5712594947447	
40.2724658061194	
38.9106934293149	
38.0722648500635	
37.3874605382625	
36.4814913943703	
35.7150840252774	
34.9449272166372	
34.3668287673862	
33.8198786982444	
33.2185095072508	
32.600287151648	
32.2849196680367	
32.025950848162	
31.8258676394839	
31.435836565944	
31.1787001911533	
31.0117826105792	
30.8257629035895	
30.8435755280916	
30.7965708005575	
30.53644202039	
30.5848397241128	
30.6971747561022	
30.5010142268939	
30.4034483159126	
30.2643810700603	
30.3421648314802	
30.4684216651652	
30.5392881397574	
30.7666596604833	
30.8279418410156	
30.8614890894453	
31.1004761263113	
31.3329399474692	
31.5100575238758	
31.7789606159711	
32.1348875305376	
32.6281821738327	
32.9328187508801	
33.3173697007609	
33.8667456200066	
34.4088325304256	
35.2277566116226	
36.2330592484678	
37.468010606271	
38.8575947501479	
40.785348861106	
43.2732059161936	
46.7567873903007	
51.9679552318006	
60.6128730812498	
76.7816772515878	
115.373504779042	
277.178722102954	
1873.3827149065	
1911.37492681652	
1927.15390982675	
1934.52779137147	
1937.92664215125	
1938.83325858527	
1937.69578023004	
1933.9447074551	
1926.40866334988	
1910.75137372136	
1872.45944865247	
1710.58956784298	
113.670739886021	
74.9134803038526	
58.0621126775811	
49.1888891131976	
43.4819009762653	
39.8116232990343	
37.010489804853	
34.929704815121	
32.9835304791451	
31.609763782473	
30.1860807193857	
29.318719665939	
28.4293407967544	
27.5134267752897	
26.6085572038548	
25.759408378437	
25.1705046524063	
24.4984040225909	
23.8674504469447	
23.2100527208599	
22.8173614465586	
22.411761382194	
22.0480035195524	
21.485608832116	
21.1474342047191	
20.8985243950813	
20.5847042704301	
20.3391074108405	
20.0393397373304	
19.7617886626101	
19.5264627831855	
19.4383630659902	
19.1505213372036	
18.9098004301932	
18.6485565265023	
18.5949912843949	
18.4635779106265	
